2023/07/11-23:18:47.719688 375c RocksDB version: 7.7.3
2023/07/11-23:18:47.719942 375c Git sha eb9a80fe1f18017b4d7f4084e8f2554f12234822
2023/07/11-23:18:47.720001 375c Compile date 2022-10-24 17:17:55
2023/07/11-23:18:47.720047 375c DB SUMMARY
2023/07/11-23:18:47.720071 375c DB Session ID:  5RK6JUWDKCKO0E6XGK3V
2023/07/11-23:18:47.722858 375c CURRENT file:  CURRENT
2023/07/11-23:18:47.722921 375c IDENTITY file:  IDENTITY
2023/07/11-23:18:47.723081 375c MANIFEST file:  MANIFEST-000037 size: 1040 Bytes
2023/07/11-23:18:47.723138 375c SST files in C:\Users\Aeneas\Desktop\nacos\data\protocol\raft\naming_service_metadata\log dir, Total Num: 10, files: 000010.sst 000011.sst 000016.sst 000017.sst 000022.sst 000023.sst 000028.sst 000029.sst 000034.sst 
2023/07/11-23:18:47.724567 375c Write Ahead Log file in C:\Users\Aeneas\Desktop\nacos\data\protocol\raft\naming_service_metadata\log: 000036.log size: 1069 ; 
2023/07/11-23:18:47.724604 375c                         Options.error_if_exists: 0
2023/07/11-23:18:47.724612 375c                       Options.create_if_missing: 1
2023/07/11-23:18:47.724619 375c                         Options.paranoid_checks: 1
2023/07/11-23:18:47.724625 375c             Options.flush_verify_memtable_count: 1
2023/07/11-23:18:47.724632 375c                               Options.track_and_verify_wals_in_manifest: 0
2023/07/11-23:18:47.724638 375c        Options.verify_sst_unique_id_in_manifest: 1
2023/07/11-23:18:47.724647 375c                                     Options.env: 0000025D18066020
2023/07/11-23:18:47.724670 375c                                      Options.fs: WinFS
2023/07/11-23:18:47.724710 375c                                Options.info_log: 0000025D7F5F5170
2023/07/11-23:18:47.724718 375c                Options.max_file_opening_threads: 16
2023/07/11-23:18:47.724725 375c                              Options.statistics: 0000025D155B3CE0
2023/07/11-23:18:47.724731 375c                               Options.use_fsync: 0
2023/07/11-23:18:47.724739 375c                       Options.max_log_file_size: 0
2023/07/11-23:18:47.724747 375c                  Options.max_manifest_file_size: 1073741824
2023/07/11-23:18:47.725723 375c                   Options.log_file_time_to_roll: 0
2023/07/11-23:18:47.725772 375c                       Options.keep_log_file_num: 100
2023/07/11-23:18:47.725781 375c                    Options.recycle_log_file_num: 0
2023/07/11-23:18:47.725809 375c                         Options.allow_fallocate: 1
2023/07/11-23:18:47.725818 375c                        Options.allow_mmap_reads: 0
2023/07/11-23:18:47.725825 375c                       Options.allow_mmap_writes: 0
2023/07/11-23:18:47.725834 375c                        Options.use_direct_reads: 0
2023/07/11-23:18:47.725846 375c                        Options.use_direct_io_for_flush_and_compaction: 0
2023/07/11-23:18:47.725854 375c          Options.create_missing_column_families: 1
2023/07/11-23:18:47.725863 375c                              Options.db_log_dir: 
2023/07/11-23:18:47.725875 375c                                 Options.wal_dir: 
2023/07/11-23:18:47.725883 375c                Options.table_cache_numshardbits: 6
2023/07/11-23:18:47.725890 375c                         Options.WAL_ttl_seconds: 0
2023/07/11-23:18:47.725897 375c                       Options.WAL_size_limit_MB: 0
2023/07/11-23:18:47.725904 375c                        Options.max_write_batch_group_size_bytes: 1048576
2023/07/11-23:18:47.725911 375c             Options.manifest_preallocation_size: 4194304
2023/07/11-23:18:47.725919 375c                     Options.is_fd_close_on_exec: 1
2023/07/11-23:18:47.725926 375c                   Options.advise_random_on_open: 1
2023/07/11-23:18:47.725932 375c                    Options.db_write_buffer_size: 0
2023/07/11-23:18:47.725940 375c                    Options.write_buffer_manager: 0000025D1805FF90
2023/07/11-23:18:47.725947 375c         Options.access_hint_on_compaction_start: 1
2023/07/11-23:18:47.725954 375c           Options.random_access_max_buffer_size: 1048576
2023/07/11-23:18:47.725962 375c                      Options.use_adaptive_mutex: 0
2023/07/11-23:18:47.728432 375c                            Options.rate_limiter: 0000000000000000
2023/07/11-23:18:47.728467 375c     Options.sst_file_manager.rate_bytes_per_sec: 0
2023/07/11-23:18:47.728477 375c                       Options.wal_recovery_mode: 2
2023/07/11-23:18:47.728485 375c                  Options.enable_thread_tracking: 0
2023/07/11-23:18:47.728492 375c                  Options.enable_pipelined_write: 0
2023/07/11-23:18:47.728500 375c                  Options.unordered_write: 0
2023/07/11-23:18:47.728507 375c         Options.allow_concurrent_memtable_write: 1
2023/07/11-23:18:47.728515 375c      Options.enable_write_thread_adaptive_yield: 1
2023/07/11-23:18:47.728522 375c             Options.write_thread_max_yield_usec: 100
2023/07/11-23:18:47.728530 375c            Options.write_thread_slow_yield_usec: 3
2023/07/11-23:18:47.728537 375c                               Options.row_cache: None
2023/07/11-23:18:47.728544 375c                              Options.wal_filter: None
2023/07/11-23:18:47.728552 375c             Options.avoid_flush_during_recovery: 0
2023/07/11-23:18:47.728624 375c             Options.allow_ingest_behind: 0
2023/07/11-23:18:47.728636 375c             Options.two_write_queues: 0
2023/07/11-23:18:47.728644 375c             Options.manual_wal_flush: 0
2023/07/11-23:18:47.728651 375c             Options.wal_compression: 0
2023/07/11-23:18:47.728658 375c             Options.atomic_flush: 0
2023/07/11-23:18:47.728665 375c             Options.avoid_unnecessary_blocking_io: 0
2023/07/11-23:18:47.728672 375c                 Options.persist_stats_to_disk: 0
2023/07/11-23:18:47.728679 375c                 Options.write_dbid_to_manifest: 0
2023/07/11-23:18:47.728686 375c                 Options.log_readahead_size: 0
2023/07/11-23:18:47.728694 375c                 Options.file_checksum_gen_factory: Unknown
2023/07/11-23:18:47.728701 375c                 Options.best_efforts_recovery: 0
2023/07/11-23:18:47.728708 375c                Options.max_bgerror_resume_count: 2147483647
2023/07/11-23:18:47.728716 375c            Options.bgerror_resume_retry_interval: 1000000
2023/07/11-23:18:47.728723 375c             Options.allow_data_in_errors: 0
2023/07/11-23:18:47.728730 375c             Options.db_host_id: __hostname__
2023/07/11-23:18:47.729546 375c             Options.enforce_single_del_contracts: true
2023/07/11-23:18:47.729693 375c             Options.max_background_jobs: 2
2023/07/11-23:18:47.729711 375c             Options.max_background_compactions: 4
2023/07/11-23:18:47.729719 375c             Options.max_subcompactions: 1
2023/07/11-23:18:47.729727 375c             Options.avoid_flush_during_shutdown: 0
2023/07/11-23:18:47.729734 375c           Options.writable_file_max_buffer_size: 1048576
2023/07/11-23:18:47.729742 375c             Options.delayed_write_rate : 16777216
2023/07/11-23:18:47.729750 375c             Options.max_total_wal_size: 1073741824
2023/07/11-23:18:47.729757 375c             Options.delete_obsolete_files_period_micros: 21600000000
2023/07/11-23:18:47.729765 375c                   Options.stats_dump_period_sec: 600
2023/07/11-23:18:47.729772 375c                 Options.stats_persist_period_sec: 600
2023/07/11-23:18:47.729780 375c                 Options.stats_history_buffer_size: 1048576
2023/07/11-23:18:47.729788 375c                          Options.max_open_files: -1
2023/07/11-23:18:47.729795 375c                          Options.bytes_per_sync: 0
2023/07/11-23:18:47.729802 375c                      Options.wal_bytes_per_sync: 0
2023/07/11-23:18:47.729810 375c                   Options.strict_bytes_per_sync: 0
2023/07/11-23:18:47.729817 375c       Options.compaction_readahead_size: 0
2023/07/11-23:18:47.729824 375c                  Options.max_background_flushes: 1
2023/07/11-23:18:47.729832 375c Compression algorithms supported:
2023/07/11-23:18:47.729865 375c 	kZSTD supported: 1
2023/07/11-23:18:47.729875 375c 	kSnappyCompression supported: 1
2023/07/11-23:18:47.729883 375c 	kBZip2Compression supported: 0
2023/07/11-23:18:47.729890 375c 	kZlibCompression supported: 1
2023/07/11-23:18:47.731366 375c 	kLZ4Compression supported: 1
2023/07/11-23:18:47.731392 375c 	kXpressCompression supported: 0
2023/07/11-23:18:47.731401 375c 	kLZ4HCCompression supported: 1
2023/07/11-23:18:47.731409 375c 	kZSTDNotFinalCompression supported: 1
2023/07/11-23:18:47.731421 375c Fast CRC32 supported: Not supported on x86
2023/07/11-23:18:47.731430 375c DMutex implementation: std::mutex
2023/07/11-23:18:47.736734 375c [db\version_set.cc:5531] Recovering from manifest file: C:\Users\Aeneas\Desktop\nacos\data\protocol\raft\naming_service_metadata\log/MANIFEST-000037
2023/07/11-23:18:47.754026 375c [db\column_family.cc:633] --------------- Options for column family [default]:
2023/07/11-23:18:47.754090 375c               Options.comparator: leveldb.BytewiseComparator
2023/07/11-23:18:47.754106 375c           Options.merge_operator: StringAppendOperator
2023/07/11-23:18:47.754113 375c        Options.compaction_filter: None
2023/07/11-23:18:47.754119 375c        Options.compaction_filter_factory: None
2023/07/11-23:18:47.754126 375c  Options.sst_partitioner_factory: None
2023/07/11-23:18:47.754133 375c         Options.memtable_factory: SkipListFactory
2023/07/11-23:18:47.754140 375c            Options.table_factory: BlockBasedTable
2023/07/11-23:18:47.754247 375c            table_factory options:   flush_block_policy_factory: FlushBlockBySizePolicyFactory (0000025D181B8620)
  cache_index_and_filter_blocks: 0
  cache_index_and_filter_blocks_with_high_priority: 1
  pin_l0_filter_and_index_blocks_in_cache: 1
  pin_top_level_index_and_filter: 1
  index_type: 2
  data_block_index_type: 0
  index_shortening: 1
  data_block_hash_table_util_ratio: 0.750000
  checksum: 1
  no_block_cache: 0
  block_cache: 0000025D17AAF6A0
  block_cache_name: LRUCache
  block_cache_options:
    capacity : 536870912
    num_shard_bits : 8
    strict_capacity_limit : 0
    memory_allocator : None
    high_pri_pool_ratio: 0.500
    low_pri_pool_ratio: 0.000
  block_cache_compressed: 0000000000000000
  persistent_cache: 0000000000000000
  block_size: 4096
  block_size_deviation: 10
  block_restart_interval: 16
  index_block_restart_interval: 1
  metadata_block_size: 8192
  partition_filters: 1
  use_delta_encoding: 1
  filter_policy: nullptr
  whole_key_filtering: 1
  verify_compression: 0
  read_amp_bytes_per_bit: 0
  format_version: 5
  enable_index_compression: 1
  block_align: 0
  max_auto_readahead_size: 262144
  prepopulate_block_cache: 0
  initial_auto_readahead_size: 8192
  num_file_reads_for_auto_readahead: 2
2023/07/11-23:18:47.754259 375c        Options.write_buffer_size: 67108864
2023/07/11-23:18:47.754265 375c  Options.max_write_buffer_number: 3
2023/07/11-23:18:47.754271 375c          Options.compression: Snappy
2023/07/11-23:18:47.754277 375c                  Options.bottommost_compression: Disabled
2023/07/11-23:18:47.754284 375c       Options.prefix_extractor: rocksdb.FixedPrefix
2023/07/11-23:18:47.754289 375c   Options.memtable_insert_with_hint_prefix_extractor: nullptr
2023/07/11-23:18:47.754295 375c             Options.num_levels: 7
2023/07/11-23:18:47.754301 375c        Options.min_write_buffer_number_to_merge: 1
2023/07/11-23:18:47.754307 375c     Options.max_write_buffer_number_to_maintain: 0
2023/07/11-23:18:47.754313 375c     Options.max_write_buffer_size_to_maintain: 0
2023/07/11-23:18:47.754319 375c            Options.bottommost_compression_opts.window_bits: -14
2023/07/11-23:18:47.754325 375c                  Options.bottommost_compression_opts.level: 32767
2023/07/11-23:18:47.754331 375c               Options.bottommost_compression_opts.strategy: 0
2023/07/11-23:18:47.754337 375c         Options.bottommost_compression_opts.max_dict_bytes: 0
2023/07/11-23:18:47.754344 375c         Options.bottommost_compression_opts.zstd_max_train_bytes: 0
2023/07/11-23:18:47.754350 375c         Options.bottommost_compression_opts.parallel_threads: 1
2023/07/11-23:18:47.754356 375c                  Options.bottommost_compression_opts.enabled: false
2023/07/11-23:18:47.754363 375c         Options.bottommost_compression_opts.max_dict_buffer_bytes: 0
2023/07/11-23:18:47.754378 375c         Options.bottommost_compression_opts.use_zstd_dict_trainer: true
2023/07/11-23:18:47.754388 375c            Options.compression_opts.window_bits: -14
2023/07/11-23:18:47.754395 375c                  Options.compression_opts.level: 32767
2023/07/11-23:18:47.754401 375c               Options.compression_opts.strategy: 0
2023/07/11-23:18:47.754407 375c         Options.compression_opts.max_dict_bytes: 0
2023/07/11-23:18:47.754413 375c         Options.compression_opts.zstd_max_train_bytes: 0
2023/07/11-23:18:47.754419 375c         Options.compression_opts.use_zstd_dict_trainer: true
2023/07/11-23:18:47.754424 375c         Options.compression_opts.parallel_threads: 1
2023/07/11-23:18:47.754430 375c                  Options.compression_opts.enabled: false
2023/07/11-23:18:47.754436 375c         Options.compression_opts.max_dict_buffer_bytes: 0
2023/07/11-23:18:47.754443 375c      Options.level0_file_num_compaction_trigger: 10
2023/07/11-23:18:47.754449 375c          Options.level0_slowdown_writes_trigger: 20
2023/07/11-23:18:47.754455 375c              Options.level0_stop_writes_trigger: 40
2023/07/11-23:18:47.754461 375c                   Options.target_file_size_base: 67108864
2023/07/11-23:18:47.754467 375c             Options.target_file_size_multiplier: 1
2023/07/11-23:18:47.754473 375c                Options.max_bytes_for_level_base: 536870912
2023/07/11-23:18:47.754479 375c Options.level_compaction_dynamic_level_bytes: 0
2023/07/11-23:18:47.754486 375c          Options.max_bytes_for_level_multiplier: 10.000000
2023/07/11-23:18:47.754509 375c Options.max_bytes_for_level_multiplier_addtl[0]: 1
2023/07/11-23:18:47.754518 375c Options.max_bytes_for_level_multiplier_addtl[1]: 1
2023/07/11-23:18:47.754525 375c Options.max_bytes_for_level_multiplier_addtl[2]: 1
2023/07/11-23:18:47.754532 375c Options.max_bytes_for_level_multiplier_addtl[3]: 1
2023/07/11-23:18:47.754539 375c Options.max_bytes_for_level_multiplier_addtl[4]: 1
2023/07/11-23:18:47.754545 375c Options.max_bytes_for_level_multiplier_addtl[5]: 1
2023/07/11-23:18:47.754551 375c Options.max_bytes_for_level_multiplier_addtl[6]: 1
2023/07/11-23:18:47.754557 375c       Options.max_sequential_skip_in_iterations: 8
2023/07/11-23:18:47.754565 375c                    Options.max_compaction_bytes: 1677721600
2023/07/11-23:18:47.754572 375c                        Options.arena_block_size: 1048576
2023/07/11-23:18:47.754578 375c   Options.soft_pending_compaction_bytes_limit: 68719476736
2023/07/11-23:18:47.754593 375c   Options.hard_pending_compaction_bytes_limit: 274877906944
2023/07/11-23:18:47.754600 375c                Options.disable_auto_compactions: 0
2023/07/11-23:18:47.754609 375c                        Options.compaction_style: kCompactionStyleLevel
2023/07/11-23:18:47.754625 375c                          Options.compaction_pri: kMinOverlappingRatio
2023/07/11-23:18:47.754633 375c Options.compaction_options_universal.size_ratio: 1
2023/07/11-23:18:47.754640 375c Options.compaction_options_universal.min_merge_width: 2
2023/07/11-23:18:47.754646 375c Options.compaction_options_universal.max_merge_width: 4294967295
2023/07/11-23:18:47.754652 375c Options.compaction_options_universal.max_size_amplification_percent: 200
2023/07/11-23:18:47.754660 375c Options.compaction_options_universal.compression_size_percent: -1
2023/07/11-23:18:47.754668 375c Options.compaction_options_universal.stop_style: kCompactionStopStyleTotalSize
2023/07/11-23:18:47.754676 375c Options.compaction_options_fifo.max_table_files_size: 1073741824
2023/07/11-23:18:47.754684 375c Options.compaction_options_fifo.allow_compaction: 0
2023/07/11-23:18:47.754698 375c                   Options.table_properties_collectors: 
2023/07/11-23:18:47.754706 375c                   Options.inplace_update_support: 0
2023/07/11-23:18:47.754712 375c                 Options.inplace_update_num_locks: 10000
2023/07/11-23:18:47.754719 375c               Options.memtable_prefix_bloom_size_ratio: 0.125000
2023/07/11-23:18:47.754728 375c               Options.memtable_whole_key_filtering: 0
2023/07/11-23:18:47.760375 375c   Options.memtable_huge_page_size: 0
2023/07/11-23:18:47.760415 375c                           Options.bloom_locality: 0
2023/07/11-23:18:47.760425 375c                    Options.max_successive_merges: 0
2023/07/11-23:18:47.760432 375c                Options.optimize_filters_for_hits: 0
2023/07/11-23:18:47.760439 375c                Options.paranoid_file_checks: 0
2023/07/11-23:18:47.760455 375c                Options.force_consistency_checks: 1
2023/07/11-23:18:47.760463 375c                Options.report_bg_io_stats: 0
2023/07/11-23:18:47.760470 375c                               Options.ttl: 2592000
2023/07/11-23:18:47.760481 375c          Options.periodic_compaction_seconds: 0
2023/07/11-23:18:47.760490 375c  Options.preclude_last_level_data_seconds: 0
2023/07/11-23:18:47.760497 375c                       Options.enable_blob_files: false
2023/07/11-23:18:47.760512 375c                           Options.min_blob_size: 0
2023/07/11-23:18:47.760521 375c                          Options.blob_file_size: 268435456
2023/07/11-23:18:47.760529 375c                   Options.blob_compression_type: NoCompression
2023/07/11-23:18:47.760537 375c          Options.enable_blob_garbage_collection: false
2023/07/11-23:18:47.760545 375c      Options.blob_garbage_collection_age_cutoff: 0.250000
2023/07/11-23:18:47.760567 375c Options.blob_garbage_collection_force_threshold: 1.000000
2023/07/11-23:18:47.760578 375c          Options.blob_compaction_readahead_size: 0
2023/07/11-23:18:47.760584 375c                Options.blob_file_starting_level: 0
2023/07/11-23:18:47.760591 375c Options.experimental_mempurge_threshold: 0.000000
2023/07/11-23:18:47.765905 375c [db\column_family.cc:633] --------------- Options for column family [Configuration]:
2023/07/11-23:18:47.765957 375c               Options.comparator: leveldb.BytewiseComparator
2023/07/11-23:18:47.765970 375c           Options.merge_operator: StringAppendOperator
2023/07/11-23:18:47.765978 375c        Options.compaction_filter: None
2023/07/11-23:18:47.765985 375c        Options.compaction_filter_factory: None
2023/07/11-23:18:47.765992 375c  Options.sst_partitioner_factory: None
2023/07/11-23:18:47.766000 375c         Options.memtable_factory: SkipListFactory
2023/07/11-23:18:47.766007 375c            Options.table_factory: BlockBasedTable
2023/07/11-23:18:47.766062 375c            table_factory options:   flush_block_policy_factory: FlushBlockBySizePolicyFactory (0000025D181B8620)
  cache_index_and_filter_blocks: 0
  cache_index_and_filter_blocks_with_high_priority: 1
  pin_l0_filter_and_index_blocks_in_cache: 1
  pin_top_level_index_and_filter: 1
  index_type: 2
  data_block_index_type: 0
  index_shortening: 1
  data_block_hash_table_util_ratio: 0.750000
  checksum: 1
  no_block_cache: 0
  block_cache: 0000025D17AAF6A0
  block_cache_name: LRUCache
  block_cache_options:
    capacity : 536870912
    num_shard_bits : 8
    strict_capacity_limit : 0
    memory_allocator : None
    high_pri_pool_ratio: 0.500
    low_pri_pool_ratio: 0.000
  block_cache_compressed: 0000000000000000
  persistent_cache: 0000000000000000
  block_size: 4096
  block_size_deviation: 10
  block_restart_interval: 16
  index_block_restart_interval: 1
  metadata_block_size: 8192
  partition_filters: 1
  use_delta_encoding: 1
  filter_policy: nullptr
  whole_key_filtering: 1
  verify_compression: 0
  read_amp_bytes_per_bit: 0
  format_version: 5
  enable_index_compression: 1
  block_align: 0
  max_auto_readahead_size: 262144
  prepopulate_block_cache: 0
  initial_auto_readahead_size: 8192
  num_file_reads_for_auto_readahead: 2
2023/07/11-23:18:47.766072 375c        Options.write_buffer_size: 67108864
2023/07/11-23:18:47.766079 375c  Options.max_write_buffer_number: 3
2023/07/11-23:18:47.766086 375c          Options.compression: Snappy
2023/07/11-23:18:47.766093 375c                  Options.bottommost_compression: Disabled
2023/07/11-23:18:47.766100 375c       Options.prefix_extractor: rocksdb.FixedPrefix
2023/07/11-23:18:47.766107 375c   Options.memtable_insert_with_hint_prefix_extractor: nullptr
2023/07/11-23:18:47.766122 375c             Options.num_levels: 7
2023/07/11-23:18:47.766132 375c        Options.min_write_buffer_number_to_merge: 1
2023/07/11-23:18:47.766139 375c     Options.max_write_buffer_number_to_maintain: 0
2023/07/11-23:18:47.766145 375c     Options.max_write_buffer_size_to_maintain: 0
2023/07/11-23:18:47.766152 375c            Options.bottommost_compression_opts.window_bits: -14
2023/07/11-23:18:47.766159 375c                  Options.bottommost_compression_opts.level: 32767
2023/07/11-23:18:47.766166 375c               Options.bottommost_compression_opts.strategy: 0
2023/07/11-23:18:47.766173 375c         Options.bottommost_compression_opts.max_dict_bytes: 0
2023/07/11-23:18:47.766179 375c         Options.bottommost_compression_opts.zstd_max_train_bytes: 0
2023/07/11-23:18:47.766186 375c         Options.bottommost_compression_opts.parallel_threads: 1
2023/07/11-23:18:47.766193 375c                  Options.bottommost_compression_opts.enabled: false
2023/07/11-23:18:47.766200 375c         Options.bottommost_compression_opts.max_dict_buffer_bytes: 0
2023/07/11-23:18:47.766207 375c         Options.bottommost_compression_opts.use_zstd_dict_trainer: true
2023/07/11-23:18:47.766215 375c            Options.compression_opts.window_bits: -14
2023/07/11-23:18:47.766222 375c                  Options.compression_opts.level: 32767
2023/07/11-23:18:47.766229 375c               Options.compression_opts.strategy: 0
2023/07/11-23:18:47.766235 375c         Options.compression_opts.max_dict_bytes: 0
2023/07/11-23:18:47.766243 375c         Options.compression_opts.zstd_max_train_bytes: 0
2023/07/11-23:18:47.766249 375c         Options.compression_opts.use_zstd_dict_trainer: true
2023/07/11-23:18:47.766256 375c         Options.compression_opts.parallel_threads: 1
2023/07/11-23:18:47.766263 375c                  Options.compression_opts.enabled: false
2023/07/11-23:18:47.766269 375c         Options.compression_opts.max_dict_buffer_bytes: 0
2023/07/11-23:18:47.766276 375c      Options.level0_file_num_compaction_trigger: 10
2023/07/11-23:18:47.766282 375c          Options.level0_slowdown_writes_trigger: 20
2023/07/11-23:18:47.766289 375c              Options.level0_stop_writes_trigger: 40
2023/07/11-23:18:47.766296 375c                   Options.target_file_size_base: 67108864
2023/07/11-23:18:47.766309 375c             Options.target_file_size_multiplier: 1
2023/07/11-23:18:47.766316 375c                Options.max_bytes_for_level_base: 536870912
2023/07/11-23:18:47.766323 375c Options.level_compaction_dynamic_level_bytes: 0
2023/07/11-23:18:47.766329 375c          Options.max_bytes_for_level_multiplier: 10.000000
2023/07/11-23:18:47.766339 375c Options.max_bytes_for_level_multiplier_addtl[0]: 1
2023/07/11-23:18:47.766346 375c Options.max_bytes_for_level_multiplier_addtl[1]: 1
2023/07/11-23:18:47.766353 375c Options.max_bytes_for_level_multiplier_addtl[2]: 1
2023/07/11-23:18:47.766360 375c Options.max_bytes_for_level_multiplier_addtl[3]: 1
2023/07/11-23:18:47.766366 375c Options.max_bytes_for_level_multiplier_addtl[4]: 1
2023/07/11-23:18:47.766373 375c Options.max_bytes_for_level_multiplier_addtl[5]: 1
2023/07/11-23:18:47.766380 375c Options.max_bytes_for_level_multiplier_addtl[6]: 1
2023/07/11-23:18:47.766387 375c       Options.max_sequential_skip_in_iterations: 8
2023/07/11-23:18:47.766394 375c                    Options.max_compaction_bytes: 1677721600
2023/07/11-23:18:47.766401 375c                        Options.arena_block_size: 1048576
2023/07/11-23:18:47.766408 375c   Options.soft_pending_compaction_bytes_limit: 68719476736
2023/07/11-23:18:47.766415 375c   Options.hard_pending_compaction_bytes_limit: 274877906944
2023/07/11-23:18:47.766422 375c                Options.disable_auto_compactions: 0
2023/07/11-23:18:47.766432 375c                        Options.compaction_style: kCompactionStyleLevel
2023/07/11-23:18:47.766439 375c                          Options.compaction_pri: kMinOverlappingRatio
2023/07/11-23:18:47.766446 375c Options.compaction_options_universal.size_ratio: 1
2023/07/11-23:18:47.766457 375c Options.compaction_options_universal.min_merge_width: 2
2023/07/11-23:18:47.766465 375c Options.compaction_options_universal.max_merge_width: 4294967295
2023/07/11-23:18:47.766472 375c Options.compaction_options_universal.max_size_amplification_percent: 200
2023/07/11-23:18:47.766479 375c Options.compaction_options_universal.compression_size_percent: -1
2023/07/11-23:18:47.766488 375c Options.compaction_options_universal.stop_style: kCompactionStopStyleTotalSize
2023/07/11-23:18:47.766495 375c Options.compaction_options_fifo.max_table_files_size: 1073741824
2023/07/11-23:18:47.766503 375c Options.compaction_options_fifo.allow_compaction: 0
2023/07/11-23:18:47.766515 375c                   Options.table_properties_collectors: 
2023/07/11-23:18:47.766523 375c                   Options.inplace_update_support: 0
2023/07/11-23:18:47.766530 375c                 Options.inplace_update_num_locks: 10000
2023/07/11-23:18:47.766537 375c               Options.memtable_prefix_bloom_size_ratio: 0.125000
2023/07/11-23:18:47.766545 375c               Options.memtable_whole_key_filtering: 0
2023/07/11-23:18:47.766552 375c   Options.memtable_huge_page_size: 0
2023/07/11-23:18:47.766558 375c                           Options.bloom_locality: 0
2023/07/11-23:18:47.766565 375c                    Options.max_successive_merges: 0
2023/07/11-23:18:47.766572 375c                Options.optimize_filters_for_hits: 0
2023/07/11-23:18:47.766579 375c                Options.paranoid_file_checks: 0
2023/07/11-23:18:47.766585 375c                Options.force_consistency_checks: 1
2023/07/11-23:18:47.766592 375c                Options.report_bg_io_stats: 0
2023/07/11-23:18:47.766599 375c                               Options.ttl: 2592000
2023/07/11-23:18:47.766605 375c          Options.periodic_compaction_seconds: 0
2023/07/11-23:18:47.766613 375c  Options.preclude_last_level_data_seconds: 0
2023/07/11-23:18:47.766620 375c                       Options.enable_blob_files: false
2023/07/11-23:18:47.766629 375c                           Options.min_blob_size: 0
2023/07/11-23:18:47.766636 375c                          Options.blob_file_size: 268435456
2023/07/11-23:18:47.766643 375c                   Options.blob_compression_type: NoCompression
2023/07/11-23:18:47.766651 375c          Options.enable_blob_garbage_collection: false
2023/07/11-23:18:47.766657 375c      Options.blob_garbage_collection_age_cutoff: 0.250000
2023/07/11-23:18:47.766665 375c Options.blob_garbage_collection_force_threshold: 1.000000
2023/07/11-23:18:47.766672 375c          Options.blob_compaction_readahead_size: 0
2023/07/11-23:18:47.766679 375c                Options.blob_file_starting_level: 0
2023/07/11-23:18:47.766687 375c Options.experimental_mempurge_threshold: 0.000000
2023/07/11-23:18:47.868776 375c [db\version_set.cc:5579] Recovered from manifest file:C:\Users\Aeneas\Desktop\nacos\data\protocol\raft\naming_service_metadata\log/MANIFEST-000037 succeeded,manifest_file_number is 37, next_file_number is 39, last_sequence is 37, log_number is 31,prev_log_number is 0,max_column_family is 1,min_log_number_to_keep is 31
2023/07/11-23:18:47.868808 375c [db\version_set.cc:5588] Column family [default] (ID 0), log number is 31
2023/07/11-23:18:47.868817 375c [db\version_set.cc:5588] Column family [Configuration] (ID 1), log number is 31
2023/07/11-23:18:47.924065 375c [db\db_impl\db_impl_open.cc:529] DB ID: 5960f567-199a-11ee-8efe-b06ebfad4262
2023/07/11-23:18:47.937519 375c EVENT_LOG_v1 {"time_micros": 1689088727937487, "job": 1, "event": "recovery_started", "wal_files": [36]}
2023/07/11-23:18:47.937644 375c [db\db_impl\db_impl_open.cc:1029] Recovering log #36 mode 2
2023/07/11-23:18:47.973048 375c EVENT_LOG_v1 {"time_micros": 1689088727972836, "cf_name": "default", "job": 1, "event": "table_file_creation", "file_number": 40, "file_size": 1104, "file_checksum": "", "file_checksum_func_name": "Unknown", "smallest_seqno": 39, "largest_seqno": 47, "table_properties": {"data_size": 0, "index_size": 13, "index_partitions": 0, "top_level_index_size": 8, "index_key_is_user_key": 1, "index_value_is_delta_encoded": 1, "filter_size": 0, "raw_key_size": 48, "raw_average_key_size": 16, "raw_value_size": 24, "raw_average_value_size": 8, "num_data_blocks": 0, "num_entries": 3, "num_filter_entries": 0, "num_deletions": 3, "num_merge_operands": 0, "num_range_deletions": 3, "format_version": 0, "fixed_key_len": 0, "filter_policy": "", "column_family_name": "default", "column_family_id": 0, "comparator": "leveldb.BytewiseComparator", "merge_operator": "StringAppendOperator", "prefix_extractor_name": "rocksdb.FixedPrefix.8", "property_collectors": "[]", "compression": "Snappy", "compression_options": "window_bits=-14; level=32767; strategy=0; max_dict_bytes=0; zstd_max_train_bytes=0; enabled=0; max_dict_buffer_bytes=0; use_zstd_dict_trainer=1; ", "creation_time": 1689088727, "oldest_key_time": 0, "file_creation_time": 0, "slow_compression_estimated_data_size": 0, "fast_compression_estimated_data_size": 0, "db_id": "5960f567-199a-11ee-8efe-b06ebfad4262", "db_session_id": "5RK6JUWDKCKO0E6XGK3V", "orig_file_number": 40, "seqno_to_time_mapping": "N/A"}}
2023/07/11-23:18:48.006811 375c EVENT_LOG_v1 {"time_micros": 1689088728006748, "cf_name": "Configuration", "job": 1, "event": "table_file_creation", "file_number": 41, "file_size": 1250, "file_checksum": "", "file_checksum_func_name": "Unknown", "smallest_seqno": 40, "largest_seqno": 61, "table_properties": {"data_size": 44, "index_size": 65, "index_partitions": 1, "top_level_index_size": 30, "index_key_is_user_key": 1, "index_value_is_delta_encoded": 1, "filter_size": 0, "raw_key_size": 74, "raw_average_key_size": 18, "raw_value_size": 32, "raw_average_value_size": 8, "num_data_blocks": 1, "num_entries": 4, "num_filter_entries": 0, "num_deletions": 3, "num_merge_operands": 0, "num_range_deletions": 3, "format_version": 0, "fixed_key_len": 0, "filter_policy": "", "column_family_name": "Configuration", "column_family_id": 1, "comparator": "leveldb.BytewiseComparator", "merge_operator": "StringAppendOperator", "prefix_extractor_name": "rocksdb.FixedPrefix.8", "property_collectors": "[]", "compression": "Snappy", "compression_options": "window_bits=-14; level=32767; strategy=0; max_dict_bytes=0; zstd_max_train_bytes=0; enabled=0; max_dict_buffer_bytes=0; use_zstd_dict_trainer=1; ", "creation_time": 1689088727, "oldest_key_time": 0, "file_creation_time": 0, "slow_compression_estimated_data_size": 0, "fast_compression_estimated_data_size": 0, "db_id": "5960f567-199a-11ee-8efe-b06ebfad4262", "db_session_id": "5RK6JUWDKCKO0E6XGK3V", "orig_file_number": 41, "seqno_to_time_mapping": "N/A"}}
2023/07/11-23:18:48.014888 375c EVENT_LOG_v1 {"time_micros": 1689088728014873, "job": 1, "event": "recovery_finished"}
2023/07/11-23:18:48.016141 375c [db\version_set.cc:5051] Creating manifest 43
2023/07/11-23:18:48.057093 375c [file\delete_scheduler.cc:77] Deleted file C:\Users\Aeneas\Desktop\nacos\data\protocol\raft\naming_service_metadata\log/000036.log immediately, rate_bytes_per_sec 0, total_trash_size 0 max_trash_db_ratio 0.250000
2023/07/11-23:18:48.057165 375c [db\db_impl\db_impl_open.cc:1985] SstFileManager instance 0000025D178EA890
2023/07/11-23:18:48.059528 375c DB pointer 0000025D18C0C0C0
2023/07/11-23:18:54.060179 5854 [db\db_impl\db_impl.cc:1101] ------- DUMPING STATS -------
2023/07/11-23:18:54.060204 5854 [db\db_impl\db_impl.cc:1102] 
** DB Stats **
Uptime(secs): 6.3 total, 6.3 interval
Cumulative writes: 6 writes, 7 keys, 6 commit groups, 1.0 writes per commit group, ingest: 0.00 GB, 0.00 MB/s
Cumulative WAL: 6 writes, 2 syncs, 3.00 writes per sync, written: 0.00 GB, 0.00 MB/s
Cumulative stall: 00:00:0.000 H:M:S, 0.0 percent
Interval writes: 6 writes, 7 keys, 6 commit groups, 1.0 writes per commit group, ingest: 0.00 MB, 0.00 MB/s
Interval WAL: 6 writes, 2 syncs, 3.00 writes per sync, written: 0.00 GB, 0.00 MB/s
Interval stall: 00:00:0.000 H:M:S, 0.0 percent

** Compaction Stats [default] **
Level    Files   Size     Score Read(GB)  Rn(GB) Rnp1(GB) Write(GB) Wnew(GB) Moved(GB) W-Amp Rd(MB/s) Wr(MB/s) Comp(sec) CompMergeCPU(sec) Comp(cnt) Avg(sec) KeyIn KeyDrop Rblob(GB) Wblob(GB)
------------------------------------------------------------------------------------------------------------------------------------------------------------------------------------------------
  L0      6/0    6.51 KB   0.6      0.0     0.0      0.0       0.0      0.0       0.0   1.0      0.0      0.0      0.03              0.00         1    0.031       0      0       0.0       0.0
 Sum      6/0    6.51 KB   0.0      0.0     0.0      0.0       0.0      0.0       0.0   1.0      0.0      0.0      0.03              0.00         1    0.031       0      0       0.0       0.0
 Int      0/0    0.00 KB   0.0      0.0     0.0      0.0       0.0      0.0       0.0   1.0      0.0      0.0      0.03              0.00         1    0.031       0      0       0.0       0.0

** Compaction Stats [default] **
Priority    Files   Size     Score Read(GB)  Rn(GB) Rnp1(GB) Write(GB) Wnew(GB) Moved(GB) W-Amp Rd(MB/s) Wr(MB/s) Comp(sec) CompMergeCPU(sec) Comp(cnt) Avg(sec) KeyIn KeyDrop Rblob(GB) Wblob(GB)
---------------------------------------------------------------------------------------------------------------------------------------------------------------------------------------------------
User      0/0    0.00 KB   0.0      0.0     0.0      0.0       0.0      0.0       0.0   0.0      0.0      0.0      0.03              0.00         1    0.031       0      0       0.0       0.0

Blob file count: 0, total size: 0.0 GB, garbage size: 0.0 GB, space amp: 0.0

Uptime(secs): 6.3 total, 6.3 interval
Flush(GB): cumulative 0.000, interval 0.000
AddFile(GB): cumulative 0.000, interval 0.000
AddFile(Total Files): cumulative 0, interval 0
AddFile(L0 Files): cumulative 0, interval 0
AddFile(Keys): cumulative 0, interval 0
Cumulative compaction: 0.00 GB write, 0.00 MB/s write, 0.00 GB read, 0.00 MB/s read, 0.0 seconds
Interval compaction: 0.00 GB write, 0.00 MB/s write, 0.00 GB read, 0.00 MB/s read, 0.0 seconds
Stalls(count): 0 level0_slowdown, 0 level0_slowdown_with_compaction, 0 level0_numfiles, 0 level0_numfiles_with_compaction, 0 stop for pending_compaction_bytes, 0 slowdown for pending_compaction_bytes, 0 memtable_compaction, 0 memtable_slowdown, interval 0 total count
Block cache LRUCache@0000025D17AAF6A0#11784 capacity: 512.00 MB usage: 5.42 KB table_size: 4096 occupancy: 27 collections: 1 last_copies: 1 last_secs: 0.000194 secs_since: 0
Block cache entry stats(count,size,portion): DataBlock(9,1.19 KB,0.000227802%) IndexBlock(9,0.86 KB,0.00016354%) OtherBlock(8,1.08 KB,0.000205636%) Misc(1,0.00 KB,0%)

** Compaction Stats [Configuration] **
Level    Files   Size     Score Read(GB)  Rn(GB) Rnp1(GB) Write(GB) Wnew(GB) Moved(GB) W-Amp Rd(MB/s) Wr(MB/s) Comp(sec) CompMergeCPU(sec) Comp(cnt) Avg(sec) KeyIn KeyDrop Rblob(GB) Wblob(GB)
------------------------------------------------------------------------------------------------------------------------------------------------------------------------------------------------
  L0      6/0    7.07 KB   0.6      0.0     0.0      0.0       0.0      0.0       0.0   1.0      0.0      0.0      0.03              0.00         1    0.027       0      0       0.0       0.0
 Sum      6/0    7.07 KB   0.0      0.0     0.0      0.0       0.0      0.0       0.0   1.0      0.0      0.0      0.03              0.00         1    0.027       0      0       0.0       0.0
 Int      0/0    0.00 KB   0.0      0.0     0.0      0.0       0.0      0.0       0.0   1.0      0.0      0.0      0.03              0.00         1    0.027       0      0       0.0       0.0

** Compaction Stats [Configuration] **
Priority    Files   Size     Score Read(GB)  Rn(GB) Rnp1(GB) Write(GB) Wnew(GB) Moved(GB) W-Amp Rd(MB/s) Wr(MB/s) Comp(sec) CompMergeCPU(sec) Comp(cnt) Avg(sec) KeyIn KeyDrop Rblob(GB) Wblob(GB)
---------------------------------------------------------------------------------------------------------------------------------------------------------------------------------------------------
User      0/0    0.00 KB   0.0      0.0     0.0      0.0       0.0      0.0       0.0   0.0      0.0      0.0      0.03              0.00         1    0.027       0      0       0.0       0.0

Blob file count: 0, total size: 0.0 GB, garbage size: 0.0 GB, space amp: 0.0

Uptime(secs): 6.3 total, 6.3 interval
Flush(GB): cumulative 0.000, interval 0.000
AddFile(GB): cumulative 0.000, interval 0.000
AddFile(Total Files): cumulative 0, interval 0
AddFile(L0 Files): cumulative 0, interval 0
AddFile(Keys): cumulative 0, interval 0
Cumulative compaction: 0.00 GB write, 0.00 MB/s write, 0.00 GB read, 0.00 MB/s read, 0.0 seconds
Interval compaction: 0.00 GB write, 0.00 MB/s write, 0.00 GB read, 0.00 MB/s read, 0.0 seconds
Stalls(count): 0 level0_slowdown, 0 level0_slowdown_with_compaction, 0 level0_numfiles, 0 level0_numfiles_with_compaction, 0 stop for pending_compaction_bytes, 0 slowdown for pending_compaction_bytes, 0 memtable_compaction, 0 memtable_slowdown, interval 0 total count
Block cache LRUCache@0000025D17AAF6A0#11784 capacity: 512.00 MB usage: 5.42 KB table_size: 4096 occupancy: 27 collections: 1 last_copies: 1 last_secs: 0.000194 secs_since: 0
Block cache entry stats(count,size,portion): DataBlock(9,1.19 KB,0.000227802%) IndexBlock(9,0.86 KB,0.00016354%) OtherBlock(8,1.08 KB,0.000205636%) Misc(1,0.00 KB,0%)

** File Read Latency Histogram By Level [default] **
** Level 0 read latency histogram (micros):
Count: 12 Average: 87.9167  StdDev: 73.39
Min: 13  Median: 51.0000  Max: 214
Percentiles: P50: 51.00 P75: 155.00 P99: 214.00 P99.9: 214.00 P99.99: 214.00
------------------------------------------------------
(      10,      15 ]        3  25.000%  25.000% #####
(      15,      22 ]        2  16.667%  41.667% ###
(      34,      51 ]        1   8.333%  50.000% ##
(     110,     170 ]        4  33.333%  83.333% #######
(     170,     250 ]        2  16.667% 100.000% ###


** File Read Latency Histogram By Level [Configuration] **
** Level 0 read latency histogram (micros):
Count: 18 Average: 127.3333  StdDev: 297.03
Min: 9  Median: 25.0000  Max: 1313
Percentiles: P50: 25.00 P75: 120.00 P99: 1313.00 P99.9: 1313.00 P99.99: 1313.00
------------------------------------------------------
(       6,      10 ]        1   5.556%   5.556% #
(      10,      15 ]        6  33.333%  38.889% #######
(      15,      22 ]        1   5.556%  44.444% #
(      22,      34 ]        4  22.222%  66.667% ####
(      34,      51 ]        1   5.556%  72.222% #
(     110,     170 ]        3  16.667%  88.889% ###
(     250,     380 ]        1   5.556%  94.444% #
(    1300,    1900 ]        1   5.556% 100.000% #

2023/07/11-23:18:54.060760 5854 [db\db_impl\db_impl.cc:789] STATISTICS:
 rocksdb.block.cache.miss COUNT : 26
rocksdb.block.cache.hit COUNT : 1
rocksdb.block.cache.add COUNT : 26
rocksdb.block.cache.add.failures COUNT : 0
rocksdb.block.cache.index.miss COUNT : 9
rocksdb.block.cache.index.hit COUNT : 0
rocksdb.block.cache.index.add COUNT : 9
rocksdb.block.cache.index.bytes.insert COUNT : 878
rocksdb.block.cache.index.bytes.evict COUNT : 0
rocksdb.block.cache.filter.miss COUNT : 0
rocksdb.block.cache.filter.hit COUNT : 0
