2023/07/14-20:08:52.177095 373c RocksDB version: 7.7.3
2023/07/14-20:08:52.177193 373c Git sha eb9a80fe1f18017b4d7f4084e8f2554f12234822
2023/07/14-20:08:52.177221 373c Compile date 2022-10-24 17:17:55
2023/07/14-20:08:52.177239 373c DB SUMMARY
2023/07/14-20:08:52.177256 373c DB Session ID:  AZ04ERQ7YSN6ERELFIOX
2023/07/14-20:08:52.181639 373c CURRENT file:  CURRENT
2023/07/14-20:08:52.181700 373c IDENTITY file:  IDENTITY
2023/07/14-20:08:52.182368 373c MANIFEST file:  MANIFEST-000061 size: 1728 Bytes
2023/07/14-20:08:52.182424 373c SST files in C:\Users\Aeneas\Desktop\nacos\data\protocol\raft\naming_service_metadata\log dir, Total Num: 18, files: 000010.sst 000011.sst 000016.sst 000017.sst 000022.sst 000023.sst 000028.sst 000029.sst 000034.sst 
2023/07/14-20:08:52.182751 373c Write Ahead Log file in C:\Users\Aeneas\Desktop\nacos\data\protocol\raft\naming_service_metadata\log: 000060.log size: 439 ; 
2023/07/14-20:08:52.182772 373c                         Options.error_if_exists: 0
2023/07/14-20:08:52.182781 373c                       Options.create_if_missing: 1
2023/07/14-20:08:52.182789 373c                         Options.paranoid_checks: 1
2023/07/14-20:08:52.182796 373c             Options.flush_verify_memtable_count: 1
2023/07/14-20:08:52.182802 373c                               Options.track_and_verify_wals_in_manifest: 0
2023/07/14-20:08:52.182809 373c        Options.verify_sst_unique_id_in_manifest: 1
2023/07/14-20:08:52.182816 373c                                     Options.env: 00000244731B4C80
2023/07/14-20:08:52.182823 373c                                      Options.fs: WinFS
2023/07/14-20:08:52.182831 373c                                Options.info_log: 00000244727C6A50
2023/07/14-20:08:52.182838 373c                Options.max_file_opening_threads: 16
2023/07/14-20:08:52.182845 373c                              Options.statistics: 000002447440D8E0
2023/07/14-20:08:52.182852 373c                               Options.use_fsync: 0
2023/07/14-20:08:52.182858 373c                       Options.max_log_file_size: 0
2023/07/14-20:08:52.182865 373c                  Options.max_manifest_file_size: 1073741824
2023/07/14-20:08:52.182879 373c                   Options.log_file_time_to_roll: 0
2023/07/14-20:08:52.182887 373c                       Options.keep_log_file_num: 100
2023/07/14-20:08:52.182894 373c                    Options.recycle_log_file_num: 0
2023/07/14-20:08:52.182901 373c                         Options.allow_fallocate: 1
2023/07/14-20:08:52.182908 373c                        Options.allow_mmap_reads: 0
2023/07/14-20:08:52.182914 373c                       Options.allow_mmap_writes: 0
2023/07/14-20:08:52.182920 373c                        Options.use_direct_reads: 0
2023/07/14-20:08:52.182926 373c                        Options.use_direct_io_for_flush_and_compaction: 0
2023/07/14-20:08:52.182933 373c          Options.create_missing_column_families: 1
2023/07/14-20:08:52.182940 373c                              Options.db_log_dir: 
2023/07/14-20:08:52.182946 373c                                 Options.wal_dir: 
2023/07/14-20:08:52.182953 373c                Options.table_cache_numshardbits: 6
2023/07/14-20:08:52.182960 373c                         Options.WAL_ttl_seconds: 0
2023/07/14-20:08:52.182967 373c                       Options.WAL_size_limit_MB: 0
2023/07/14-20:08:52.182973 373c                        Options.max_write_batch_group_size_bytes: 1048576
2023/07/14-20:08:52.182980 373c             Options.manifest_preallocation_size: 4194304
2023/07/14-20:08:52.182987 373c                     Options.is_fd_close_on_exec: 1
2023/07/14-20:08:52.182994 373c                   Options.advise_random_on_open: 1
2023/07/14-20:08:52.183000 373c                    Options.db_write_buffer_size: 0
2023/07/14-20:08:52.183007 373c                    Options.write_buffer_manager: 00000244731B28E0
2023/07/14-20:08:52.183014 373c         Options.access_hint_on_compaction_start: 1
2023/07/14-20:08:52.183020 373c           Options.random_access_max_buffer_size: 1048576
2023/07/14-20:08:52.183027 373c                      Options.use_adaptive_mutex: 0
2023/07/14-20:08:52.183100 373c                            Options.rate_limiter: 0000000000000000
2023/07/14-20:08:52.183115 373c     Options.sst_file_manager.rate_bytes_per_sec: 0
2023/07/14-20:08:52.183123 373c                       Options.wal_recovery_mode: 2
2023/07/14-20:08:52.183129 373c                  Options.enable_thread_tracking: 0
2023/07/14-20:08:52.183136 373c                  Options.enable_pipelined_write: 0
2023/07/14-20:08:52.183143 373c                  Options.unordered_write: 0
2023/07/14-20:08:52.183149 373c         Options.allow_concurrent_memtable_write: 1
2023/07/14-20:08:52.183156 373c      Options.enable_write_thread_adaptive_yield: 1
2023/07/14-20:08:52.183162 373c             Options.write_thread_max_yield_usec: 100
2023/07/14-20:08:52.183168 373c            Options.write_thread_slow_yield_usec: 3
2023/07/14-20:08:52.183175 373c                               Options.row_cache: None
2023/07/14-20:08:52.183181 373c                              Options.wal_filter: None
2023/07/14-20:08:52.183188 373c             Options.avoid_flush_during_recovery: 0
2023/07/14-20:08:52.183194 373c             Options.allow_ingest_behind: 0
2023/07/14-20:08:52.183201 373c             Options.two_write_queues: 0
2023/07/14-20:08:52.183207 373c             Options.manual_wal_flush: 0
2023/07/14-20:08:52.183214 373c             Options.wal_compression: 0
2023/07/14-20:08:52.183221 373c             Options.atomic_flush: 0
2023/07/14-20:08:52.183228 373c             Options.avoid_unnecessary_blocking_io: 0
2023/07/14-20:08:52.183234 373c                 Options.persist_stats_to_disk: 0
2023/07/14-20:08:52.183241 373c                 Options.write_dbid_to_manifest: 0
2023/07/14-20:08:52.183248 373c                 Options.log_readahead_size: 0
2023/07/14-20:08:52.183254 373c                 Options.file_checksum_gen_factory: Unknown
2023/07/14-20:08:52.183261 373c                 Options.best_efforts_recovery: 0
2023/07/14-20:08:52.183266 373c                Options.max_bgerror_resume_count: 2147483647
2023/07/14-20:08:52.183273 373c            Options.bgerror_resume_retry_interval: 1000000
2023/07/14-20:08:52.183280 373c             Options.allow_data_in_errors: 0
2023/07/14-20:08:52.183286 373c             Options.db_host_id: __hostname__
2023/07/14-20:08:52.183293 373c             Options.enforce_single_del_contracts: true
2023/07/14-20:08:52.183301 373c             Options.max_background_jobs: 2
2023/07/14-20:08:52.183308 373c             Options.max_background_compactions: 4
2023/07/14-20:08:52.183314 373c             Options.max_subcompactions: 1
2023/07/14-20:08:52.183320 373c             Options.avoid_flush_during_shutdown: 0
2023/07/14-20:08:52.183326 373c           Options.writable_file_max_buffer_size: 1048576
2023/07/14-20:08:52.183333 373c             Options.delayed_write_rate : 16777216
2023/07/14-20:08:52.183339 373c             Options.max_total_wal_size: 1073741824
2023/07/14-20:08:52.183346 373c             Options.delete_obsolete_files_period_micros: 21600000000
2023/07/14-20:08:52.183353 373c                   Options.stats_dump_period_sec: 600
2023/07/14-20:08:52.183360 373c                 Options.stats_persist_period_sec: 600
2023/07/14-20:08:52.183366 373c                 Options.stats_history_buffer_size: 1048576
2023/07/14-20:08:52.183374 373c                          Options.max_open_files: -1
2023/07/14-20:08:52.183381 373c                          Options.bytes_per_sync: 0
2023/07/14-20:08:52.183389 373c                      Options.wal_bytes_per_sync: 0
2023/07/14-20:08:52.183396 373c                   Options.strict_bytes_per_sync: 0
2023/07/14-20:08:52.183404 373c       Options.compaction_readahead_size: 0
2023/07/14-20:08:52.183413 373c                  Options.max_background_flushes: 1
2023/07/14-20:08:52.183426 373c Compression algorithms supported:
2023/07/14-20:08:52.183433 373c 	kZSTD supported: 1
2023/07/14-20:08:52.183440 373c 	kSnappyCompression supported: 1
2023/07/14-20:08:52.183447 373c 	kBZip2Compression supported: 0
2023/07/14-20:08:52.183454 373c 	kZlibCompression supported: 1
2023/07/14-20:08:52.183518 373c 	kLZ4Compression supported: 1
2023/07/14-20:08:52.183530 373c 	kXpressCompression supported: 0
2023/07/14-20:08:52.183537 373c 	kLZ4HCCompression supported: 1
2023/07/14-20:08:52.183544 373c 	kZSTDNotFinalCompression supported: 1
2023/07/14-20:08:52.183553 373c Fast CRC32 supported: Not supported on x86
2023/07/14-20:08:52.183564 373c DMutex implementation: std::mutex
2023/07/14-20:08:52.189298 373c [db\version_set.cc:5531] Recovering from manifest file: C:\Users\Aeneas\Desktop\nacos\data\protocol\raft\naming_service_metadata\log/MANIFEST-000061
2023/07/14-20:08:52.215339 373c [db\column_family.cc:633] --------------- Options for column family [default]:
2023/07/14-20:08:52.215377 373c               Options.comparator: leveldb.BytewiseComparator
2023/07/14-20:08:52.215390 373c           Options.merge_operator: StringAppendOperator
2023/07/14-20:08:52.215398 373c        Options.compaction_filter: None
2023/07/14-20:08:52.215405 373c        Options.compaction_filter_factory: None
2023/07/14-20:08:52.215412 373c  Options.sst_partitioner_factory: None
2023/07/14-20:08:52.215421 373c         Options.memtable_factory: SkipListFactory
2023/07/14-20:08:52.215429 373c            Options.table_factory: BlockBasedTable
2023/07/14-20:08:52.215537 373c            table_factory options:   flush_block_policy_factory: FlushBlockBySizePolicyFactory (0000024475DF50E0)
  cache_index_and_filter_blocks: 0
  cache_index_and_filter_blocks_with_high_priority: 1
  pin_l0_filter_and_index_blocks_in_cache: 1
  pin_top_level_index_and_filter: 1
  index_type: 2
  data_block_index_type: 0
  index_shortening: 1
  data_block_hash_table_util_ratio: 0.750000
  checksum: 1
  no_block_cache: 0
  block_cache: 0000024471F0F070
  block_cache_name: LRUCache
  block_cache_options:
    capacity : 536870912
    num_shard_bits : 8
    strict_capacity_limit : 0
    memory_allocator : None
    high_pri_pool_ratio: 0.500
    low_pri_pool_ratio: 0.000
  block_cache_compressed: 0000000000000000
  persistent_cache: 0000000000000000
  block_size: 4096
  block_size_deviation: 10
  block_restart_interval: 16
  index_block_restart_interval: 1
  metadata_block_size: 8192
  partition_filters: 1
  use_delta_encoding: 1
  filter_policy: nullptr
  whole_key_filtering: 1
  verify_compression: 0
  read_amp_bytes_per_bit: 0
  format_version: 5
  enable_index_compression: 1
  block_align: 0
  max_auto_readahead_size: 262144
  prepopulate_block_cache: 0
  initial_auto_readahead_size: 8192
  num_file_reads_for_auto_readahead: 2
2023/07/14-20:08:52.215552 373c        Options.write_buffer_size: 67108864
2023/07/14-20:08:52.215561 373c  Options.max_write_buffer_number: 3
2023/07/14-20:08:52.215569 373c          Options.compression: Snappy
2023/07/14-20:08:52.215577 373c                  Options.bottommost_compression: Disabled
2023/07/14-20:08:52.215584 373c       Options.prefix_extractor: rocksdb.FixedPrefix
2023/07/14-20:08:52.215592 373c   Options.memtable_insert_with_hint_prefix_extractor: nullptr
2023/07/14-20:08:52.215599 373c             Options.num_levels: 7
2023/07/14-20:08:52.215606 373c        Options.min_write_buffer_number_to_merge: 1
2023/07/14-20:08:52.215613 373c     Options.max_write_buffer_number_to_maintain: 0
2023/07/14-20:08:52.215621 373c     Options.max_write_buffer_size_to_maintain: 0
2023/07/14-20:08:52.215629 373c            Options.bottommost_compression_opts.window_bits: -14
2023/07/14-20:08:52.215636 373c                  Options.bottommost_compression_opts.level: 32767
2023/07/14-20:08:52.215645 373c               Options.bottommost_compression_opts.strategy: 0
2023/07/14-20:08:52.215653 373c         Options.bottommost_compression_opts.max_dict_bytes: 0
2023/07/14-20:08:52.215660 373c         Options.bottommost_compression_opts.zstd_max_train_bytes: 0
2023/07/14-20:08:52.215669 373c         Options.bottommost_compression_opts.parallel_threads: 1
2023/07/14-20:08:52.215675 373c                  Options.bottommost_compression_opts.enabled: false
2023/07/14-20:08:52.215683 373c         Options.bottommost_compression_opts.max_dict_buffer_bytes: 0
2023/07/14-20:08:52.215698 373c         Options.bottommost_compression_opts.use_zstd_dict_trainer: true
2023/07/14-20:08:52.215709 373c            Options.compression_opts.window_bits: -14
2023/07/14-20:08:52.215716 373c                  Options.compression_opts.level: 32767
2023/07/14-20:08:52.215724 373c               Options.compression_opts.strategy: 0
2023/07/14-20:08:52.215731 373c         Options.compression_opts.max_dict_bytes: 0
2023/07/14-20:08:52.215739 373c         Options.compression_opts.zstd_max_train_bytes: 0
2023/07/14-20:08:52.215747 373c         Options.compression_opts.use_zstd_dict_trainer: true
2023/07/14-20:08:52.215755 373c         Options.compression_opts.parallel_threads: 1
2023/07/14-20:08:52.215762 373c                  Options.compression_opts.enabled: false
2023/07/14-20:08:52.215771 373c         Options.compression_opts.max_dict_buffer_bytes: 0
2023/07/14-20:08:52.215779 373c      Options.level0_file_num_compaction_trigger: 10
2023/07/14-20:08:52.215785 373c          Options.level0_slowdown_writes_trigger: 20
2023/07/14-20:08:52.215793 373c              Options.level0_stop_writes_trigger: 40
2023/07/14-20:08:52.215799 373c                   Options.target_file_size_base: 67108864
2023/07/14-20:08:52.215806 373c             Options.target_file_size_multiplier: 1
2023/07/14-20:08:52.215812 373c                Options.max_bytes_for_level_base: 536870912
2023/07/14-20:08:52.215819 373c Options.level_compaction_dynamic_level_bytes: 0
2023/07/14-20:08:52.215826 373c          Options.max_bytes_for_level_multiplier: 10.000000
2023/07/14-20:08:52.215835 373c Options.max_bytes_for_level_multiplier_addtl[0]: 1
2023/07/14-20:08:52.215843 373c Options.max_bytes_for_level_multiplier_addtl[1]: 1
2023/07/14-20:08:52.215851 373c Options.max_bytes_for_level_multiplier_addtl[2]: 1
2023/07/14-20:08:52.215862 373c Options.max_bytes_for_level_multiplier_addtl[3]: 1
2023/07/14-20:08:52.215870 373c Options.max_bytes_for_level_multiplier_addtl[4]: 1
2023/07/14-20:08:52.215879 373c Options.max_bytes_for_level_multiplier_addtl[5]: 1
2023/07/14-20:08:52.215885 373c Options.max_bytes_for_level_multiplier_addtl[6]: 1
2023/07/14-20:08:52.215892 373c       Options.max_sequential_skip_in_iterations: 8
2023/07/14-20:08:52.215902 373c                    Options.max_compaction_bytes: 1677721600
2023/07/14-20:08:52.215912 373c                        Options.arena_block_size: 1048576
2023/07/14-20:08:52.215920 373c   Options.soft_pending_compaction_bytes_limit: 68719476736
2023/07/14-20:08:52.216064 373c   Options.hard_pending_compaction_bytes_limit: 274877906944
2023/07/14-20:08:52.216084 373c                Options.disable_auto_compactions: 0
2023/07/14-20:08:52.216094 373c                        Options.compaction_style: kCompactionStyleLevel
2023/07/14-20:08:52.216101 373c                          Options.compaction_pri: kMinOverlappingRatio
2023/07/14-20:08:52.216108 373c Options.compaction_options_universal.size_ratio: 1
2023/07/14-20:08:52.216115 373c Options.compaction_options_universal.min_merge_width: 2
2023/07/14-20:08:52.216121 373c Options.compaction_options_universal.max_merge_width: 4294967295
2023/07/14-20:08:52.216128 373c Options.compaction_options_universal.max_size_amplification_percent: 200
2023/07/14-20:08:52.216134 373c Options.compaction_options_universal.compression_size_percent: -1
2023/07/14-20:08:52.216142 373c Options.compaction_options_universal.stop_style: kCompactionStopStyleTotalSize
2023/07/14-20:08:52.216148 373c Options.compaction_options_fifo.max_table_files_size: 1073741824
2023/07/14-20:08:52.216155 373c Options.compaction_options_fifo.allow_compaction: 0
2023/07/14-20:08:52.216166 373c                   Options.table_properties_collectors: 
2023/07/14-20:08:52.216173 373c                   Options.inplace_update_support: 0
2023/07/14-20:08:52.216180 373c                 Options.inplace_update_num_locks: 10000
2023/07/14-20:08:52.216187 373c               Options.memtable_prefix_bloom_size_ratio: 0.125000
2023/07/14-20:08:52.216195 373c               Options.memtable_whole_key_filtering: 0
2023/07/14-20:08:52.216284 373c   Options.memtable_huge_page_size: 0
2023/07/14-20:08:52.216295 373c                           Options.bloom_locality: 0
2023/07/14-20:08:52.216302 373c                    Options.max_successive_merges: 0
2023/07/14-20:08:52.216308 373c                Options.optimize_filters_for_hits: 0
2023/07/14-20:08:52.216315 373c                Options.paranoid_file_checks: 0
2023/07/14-20:08:52.216321 373c                Options.force_consistency_checks: 1
2023/07/14-20:08:52.216328 373c                Options.report_bg_io_stats: 0
2023/07/14-20:08:52.216334 373c                               Options.ttl: 2592000
2023/07/14-20:08:52.216340 373c          Options.periodic_compaction_seconds: 0
2023/07/14-20:08:52.216347 373c  Options.preclude_last_level_data_seconds: 0
2023/07/14-20:08:52.216353 373c                       Options.enable_blob_files: false
2023/07/14-20:08:52.216360 373c                           Options.min_blob_size: 0
2023/07/14-20:08:52.216366 373c                          Options.blob_file_size: 268435456
2023/07/14-20:08:52.216373 373c                   Options.blob_compression_type: NoCompression
2023/07/14-20:08:52.216380 373c          Options.enable_blob_garbage_collection: false
2023/07/14-20:08:52.216387 373c      Options.blob_garbage_collection_age_cutoff: 0.250000
2023/07/14-20:08:52.216395 373c Options.blob_garbage_collection_force_threshold: 1.000000
2023/07/14-20:08:52.216402 373c          Options.blob_compaction_readahead_size: 0
2023/07/14-20:08:52.216409 373c                Options.blob_file_starting_level: 0
2023/07/14-20:08:52.216415 373c Options.experimental_mempurge_threshold: 0.000000
2023/07/14-20:08:52.223580 373c [db\column_family.cc:633] --------------- Options for column family [Configuration]:
2023/07/14-20:08:52.223639 373c               Options.comparator: leveldb.BytewiseComparator
2023/07/14-20:08:52.223656 373c           Options.merge_operator: StringAppendOperator
2023/07/14-20:08:52.223666 373c        Options.compaction_filter: None
2023/07/14-20:08:52.223675 373c        Options.compaction_filter_factory: None
2023/07/14-20:08:52.223683 373c  Options.sst_partitioner_factory: None
2023/07/14-20:08:52.223693 373c         Options.memtable_factory: SkipListFactory
2023/07/14-20:08:52.223701 373c            Options.table_factory: BlockBasedTable
2023/07/14-20:08:52.223758 373c            table_factory options:   flush_block_policy_factory: FlushBlockBySizePolicyFactory (0000024475DF50E0)
  cache_index_and_filter_blocks: 0
  cache_index_and_filter_blocks_with_high_priority: 1
  pin_l0_filter_and_index_blocks_in_cache: 1
  pin_top_level_index_and_filter: 1
  index_type: 2
  data_block_index_type: 0
  index_shortening: 1
  data_block_hash_table_util_ratio: 0.750000
  checksum: 1
  no_block_cache: 0
  block_cache: 0000024471F0F070
  block_cache_name: LRUCache
  block_cache_options:
    capacity : 536870912
    num_shard_bits : 8
    strict_capacity_limit : 0
    memory_allocator : None
    high_pri_pool_ratio: 0.500
    low_pri_pool_ratio: 0.000
  block_cache_compressed: 0000000000000000
  persistent_cache: 0000000000000000
  block_size: 4096
  block_size_deviation: 10
  block_restart_interval: 16
  index_block_restart_interval: 1
  metadata_block_size: 8192
  partition_filters: 1
  use_delta_encoding: 1
  filter_policy: nullptr
  whole_key_filtering: 1
  verify_compression: 0
  read_amp_bytes_per_bit: 0
  format_version: 5
  enable_index_compression: 1
  block_align: 0
  max_auto_readahead_size: 262144
  prepopulate_block_cache: 0
  initial_auto_readahead_size: 8192
  num_file_reads_for_auto_readahead: 2
2023/07/14-20:08:52.223769 373c        Options.write_buffer_size: 67108864
2023/07/14-20:08:52.223777 373c  Options.max_write_buffer_number: 3
2023/07/14-20:08:52.223786 373c          Options.compression: Snappy
2023/07/14-20:08:52.223793 373c                  Options.bottommost_compression: Disabled
2023/07/14-20:08:52.223800 373c       Options.prefix_extractor: rocksdb.FixedPrefix
2023/07/14-20:08:52.223808 373c   Options.memtable_insert_with_hint_prefix_extractor: nullptr
2023/07/14-20:08:52.223822 373c             Options.num_levels: 7
2023/07/14-20:08:52.223831 373c        Options.min_write_buffer_number_to_merge: 1
2023/07/14-20:08:52.223839 373c     Options.max_write_buffer_number_to_maintain: 0
2023/07/14-20:08:52.223847 373c     Options.max_write_buffer_size_to_maintain: 0
2023/07/14-20:08:52.223854 373c            Options.bottommost_compression_opts.window_bits: -14
2023/07/14-20:08:52.223942 373c                  Options.bottommost_compression_opts.level: 32767
2023/07/14-20:08:52.223956 373c               Options.bottommost_compression_opts.strategy: 0
2023/07/14-20:08:52.223963 373c         Options.bottommost_compression_opts.max_dict_bytes: 0
2023/07/14-20:08:52.223970 373c         Options.bottommost_compression_opts.zstd_max_train_bytes: 0
2023/07/14-20:08:52.223977 373c         Options.bottommost_compression_opts.parallel_threads: 1
2023/07/14-20:08:52.223984 373c                  Options.bottommost_compression_opts.enabled: false
2023/07/14-20:08:52.223992 373c         Options.bottommost_compression_opts.max_dict_buffer_bytes: 0
2023/07/14-20:08:52.224000 373c         Options.bottommost_compression_opts.use_zstd_dict_trainer: true
2023/07/14-20:08:52.224007 373c            Options.compression_opts.window_bits: -14
2023/07/14-20:08:52.224016 373c                  Options.compression_opts.level: 32767
2023/07/14-20:08:52.224024 373c               Options.compression_opts.strategy: 0
2023/07/14-20:08:52.224032 373c         Options.compression_opts.max_dict_bytes: 0
2023/07/14-20:08:52.224040 373c         Options.compression_opts.zstd_max_train_bytes: 0
2023/07/14-20:08:52.224047 373c         Options.compression_opts.use_zstd_dict_trainer: true
2023/07/14-20:08:52.224054 373c         Options.compression_opts.parallel_threads: 1
2023/07/14-20:08:52.224062 373c                  Options.compression_opts.enabled: false
2023/07/14-20:08:52.224089 373c         Options.compression_opts.max_dict_buffer_bytes: 0
2023/07/14-20:08:52.224099 373c      Options.level0_file_num_compaction_trigger: 10
2023/07/14-20:08:52.224107 373c          Options.level0_slowdown_writes_trigger: 20
2023/07/14-20:08:52.224116 373c              Options.level0_stop_writes_trigger: 40
2023/07/14-20:08:52.224123 373c                   Options.target_file_size_base: 67108864
2023/07/14-20:08:52.224131 373c             Options.target_file_size_multiplier: 1
2023/07/14-20:08:52.224140 373c                Options.max_bytes_for_level_base: 536870912
2023/07/14-20:08:52.224148 373c Options.level_compaction_dynamic_level_bytes: 0
2023/07/14-20:08:52.224155 373c          Options.max_bytes_for_level_multiplier: 10.000000
2023/07/14-20:08:52.224174 373c Options.max_bytes_for_level_multiplier_addtl[0]: 1
2023/07/14-20:08:52.224181 373c Options.max_bytes_for_level_multiplier_addtl[1]: 1
2023/07/14-20:08:52.224189 373c Options.max_bytes_for_level_multiplier_addtl[2]: 1
2023/07/14-20:08:52.224197 373c Options.max_bytes_for_level_multiplier_addtl[3]: 1
2023/07/14-20:08:52.224205 373c Options.max_bytes_for_level_multiplier_addtl[4]: 1
2023/07/14-20:08:52.224213 373c Options.max_bytes_for_level_multiplier_addtl[5]: 1
2023/07/14-20:08:52.224220 373c Options.max_bytes_for_level_multiplier_addtl[6]: 1
2023/07/14-20:08:52.224228 373c       Options.max_sequential_skip_in_iterations: 8
2023/07/14-20:08:52.224235 373c                    Options.max_compaction_bytes: 1677721600
2023/07/14-20:08:52.224244 373c                        Options.arena_block_size: 1048576
2023/07/14-20:08:52.224251 373c   Options.soft_pending_compaction_bytes_limit: 68719476736
2023/07/14-20:08:52.224259 373c   Options.hard_pending_compaction_bytes_limit: 274877906944
2023/07/14-20:08:52.224268 373c                Options.disable_auto_compactions: 0
2023/07/14-20:08:52.224278 373c                        Options.compaction_style: kCompactionStyleLevel
2023/07/14-20:08:52.224287 373c                          Options.compaction_pri: kMinOverlappingRatio
2023/07/14-20:08:52.224295 373c Options.compaction_options_universal.size_ratio: 1
2023/07/14-20:08:52.224307 373c Options.compaction_options_universal.min_merge_width: 2
2023/07/14-20:08:52.224318 373c Options.compaction_options_universal.max_merge_width: 4294967295
2023/07/14-20:08:52.224327 373c Options.compaction_options_universal.max_size_amplification_percent: 200
2023/07/14-20:08:52.224335 373c Options.compaction_options_universal.compression_size_percent: -1
2023/07/14-20:08:52.224345 373c Options.compaction_options_universal.stop_style: kCompactionStopStyleTotalSize
2023/07/14-20:08:52.224353 373c Options.compaction_options_fifo.max_table_files_size: 1073741824
2023/07/14-20:08:52.224362 373c Options.compaction_options_fifo.allow_compaction: 0
2023/07/14-20:08:52.224374 373c                   Options.table_properties_collectors: 
2023/07/14-20:08:52.224383 373c                   Options.inplace_update_support: 0
2023/07/14-20:08:52.224390 373c                 Options.inplace_update_num_locks: 10000
2023/07/14-20:08:52.224399 373c               Options.memtable_prefix_bloom_size_ratio: 0.125000
2023/07/14-20:08:52.224426 373c               Options.memtable_whole_key_filtering: 0
2023/07/14-20:08:52.224438 373c   Options.memtable_huge_page_size: 0
2023/07/14-20:08:52.224447 373c                           Options.bloom_locality: 0
2023/07/14-20:08:52.224454 373c                    Options.max_successive_merges: 0
2023/07/14-20:08:52.224462 373c                Options.optimize_filters_for_hits: 0
2023/07/14-20:08:52.224471 373c                Options.paranoid_file_checks: 0
2023/07/14-20:08:52.224479 373c                Options.force_consistency_checks: 1
2023/07/14-20:08:52.224487 373c                Options.report_bg_io_stats: 0
2023/07/14-20:08:52.224495 373c                               Options.ttl: 2592000
2023/07/14-20:08:52.224503 373c          Options.periodic_compaction_seconds: 0
2023/07/14-20:08:52.224511 373c  Options.preclude_last_level_data_seconds: 0
2023/07/14-20:08:52.224518 373c                       Options.enable_blob_files: false
2023/07/14-20:08:52.224526 373c                           Options.min_blob_size: 0
2023/07/14-20:08:52.224535 373c                          Options.blob_file_size: 268435456
2023/07/14-20:08:52.224568 373c                   Options.blob_compression_type: NoCompression
2023/07/14-20:08:52.224584 373c          Options.enable_blob_garbage_collection: false
2023/07/14-20:08:52.224592 373c      Options.blob_garbage_collection_age_cutoff: 0.250000
2023/07/14-20:08:52.224601 373c Options.blob_garbage_collection_force_threshold: 1.000000
2023/07/14-20:08:52.224609 373c          Options.blob_compaction_readahead_size: 0
2023/07/14-20:08:52.224629 373c                Options.blob_file_starting_level: 0
2023/07/14-20:08:52.224642 373c Options.experimental_mempurge_threshold: 0.000000
2023/07/14-20:08:52.405043 373c [db\version_set.cc:5579] Recovered from manifest file:C:\Users\Aeneas\Desktop\nacos\data\protocol\raft\naming_service_metadata\log/MANIFEST-000061 succeeded,manifest_file_number is 61, next_file_number is 63, last_sequence is 118, log_number is 55,prev_log_number is 0,max_column_family is 1,min_log_number_to_keep is 55
2023/07/14-20:08:52.405078 373c [db\version_set.cc:5588] Column family [default] (ID 0), log number is 55
2023/07/14-20:08:52.405087 373c [db\version_set.cc:5588] Column family [Configuration] (ID 1), log number is 55
2023/07/14-20:08:52.425668 373c [db\db_impl\db_impl_open.cc:529] DB ID: 5960f567-199a-11ee-8efe-b06ebfad4262
2023/07/14-20:08:52.440887 373c EVENT_LOG_v1 {"time_micros": 1689336532440850, "job": 1, "event": "recovery_started", "wal_files": [60]}
2023/07/14-20:08:52.440934 373c [db\db_impl\db_impl_open.cc:1029] Recovering log #60 mode 2
2023/07/14-20:08:52.481237 373c EVENT_LOG_v1 {"time_micros": 1689336532481131, "cf_name": "default", "job": 1, "event": "table_file_creation", "file_number": 64, "file_size": 1184, "file_checksum": "", "file_checksum_func_name": "Unknown", "smallest_seqno": 120, "largest_seqno": 125, "table_properties": {"data_size": 66, "index_size": 45, "index_partitions": 1, "top_level_index_size": 20, "index_key_is_user_key": 1, "index_value_is_delta_encoded": 1, "filter_size": 0, "raw_key_size": 32, "raw_average_key_size": 16, "raw_value_size": 42, "raw_average_value_size": 21, "num_data_blocks": 1, "num_entries": 2, "num_filter_entries": 0, "num_deletions": 1, "num_merge_operands": 0, "num_range_deletions": 1, "format_version": 0, "fixed_key_len": 0, "filter_policy": "", "column_family_name": "default", "column_family_id": 0, "comparator": "leveldb.BytewiseComparator", "merge_operator": "StringAppendOperator", "prefix_extractor_name": "rocksdb.FixedPrefix.8", "property_collectors": "[]", "compression": "Snappy", "compression_options": "window_bits=-14; level=32767; strategy=0; max_dict_bytes=0; zstd_max_train_bytes=0; enabled=0; max_dict_buffer_bytes=0; use_zstd_dict_trainer=1; ", "creation_time": 1689336532, "oldest_key_time": 0, "file_creation_time": 0, "slow_compression_estimated_data_size": 0, "fast_compression_estimated_data_size": 0, "db_id": "5960f567-199a-11ee-8efe-b06ebfad4262", "db_session_id": "AZ04ERQ7YSN6ERELFIOX", "orig_file_number": 64, "seqno_to_time_mapping": "N/A"}}
2023/07/14-20:08:52.498351 373c EVENT_LOG_v1 {"time_micros": 1689336532498275, "cf_name": "Configuration", "job": 1, "event": "table_file_creation", "file_number": 65, "file_size": 1248, "file_checksum": "", "file_checksum_func_name": "Unknown", "smallest_seqno": 121, "largest_seqno": 127, "table_properties": {"data_size": 103, "index_size": 65, "index_partitions": 1, "top_level_index_size": 30, "index_key_is_user_key": 1, "index_value_is_delta_encoded": 1, "filter_size": 0, "raw_key_size": 58, "raw_average_key_size": 19, "raw_value_size": 50, "raw_average_value_size": 16, "num_data_blocks": 1, "num_entries": 3, "num_filter_entries": 0, "num_deletions": 1, "num_merge_operands": 0, "num_range_deletions": 1, "format_version": 0, "fixed_key_len": 0, "filter_policy": "", "column_family_name": "Configuration", "column_family_id": 1, "comparator": "leveldb.BytewiseComparator", "merge_operator": "StringAppendOperator", "prefix_extractor_name": "rocksdb.FixedPrefix.8", "property_collectors": "[]", "compression": "Snappy", "compression_options": "window_bits=-14; level=32767; strategy=0; max_dict_bytes=0; zstd_max_train_bytes=0; enabled=0; max_dict_buffer_bytes=0; use_zstd_dict_trainer=1; ", "creation_time": 1689336532, "oldest_key_time": 0, "file_creation_time": 0, "slow_compression_estimated_data_size": 0, "fast_compression_estimated_data_size": 0, "db_id": "5960f567-199a-11ee-8efe-b06ebfad4262", "db_session_id": "AZ04ERQ7YSN6ERELFIOX", "orig_file_number": 65, "seqno_to_time_mapping": "N/A"}}
2023/07/14-20:08:52.503794 373c EVENT_LOG_v1 {"time_micros": 1689336532503778, "job": 1, "event": "recovery_finished"}
2023/07/14-20:08:52.504665 373c [db\version_set.cc:5051] Creating manifest 67
2023/07/14-20:08:52.537094 373c [file\delete_scheduler.cc:77] Deleted file C:\Users\Aeneas\Desktop\nacos\data\protocol\raft\naming_service_metadata\log/000060.log immediately, rate_bytes_per_sec 0, total_trash_size 0 max_trash_db_ratio 0.250000
2023/07/14-20:08:52.537177 373c [db\db_impl\db_impl_open.cc:1985] SstFileManager instance 0000024471326D30
2023/07/14-20:08:52.537275 12f4 [db\compaction\compaction_job.cc:1950] [default] [JOB 3] Compacting 10@0 files to L1, score 1.00
2023/07/14-20:08:52.537301 12f4 [db\compaction\compaction_job.cc:1954] [default] Compaction start summary: Base version 4 Base level 0, inputs: [64(1184B) 58(1073B) 52(1104B) 46(1184B) 40(1104B) 34(1184B) 28(1073B) 22(1073B) 16(1117B) 10(1117B)]
2023/07/14-20:08:52.537358 12f4 EVENT_LOG_v1 {"time_micros": 1689336532537321, "job": 3, "event": "compaction_started", "compaction_reason": "LevelL0FilesNum", "files_L0": [64, 58, 52, 46, 40, 34, 28, 22, 16, 10], "score": 1, "input_data_size": 11213, "oldest_snapshot_seqno": -1}
2023/07/14-20:08:52.540113 373c DB pointer 0000024475EF1C80
2023/07/14-20:08:52.542093 12f4 [db\compaction\compaction_job.cc:1548] [default] [JOB 3] Generated table #70: 1 keys, 1140 bytes, temperature: kUnknown
2023/07/14-20:08:52.542173 12f4 EVENT_LOG_v1 {"time_micros": 1689336532542129, "cf_name": "default", "job": 3, "event": "table_file_creation", "file_number": 70, "file_size": 1140, "file_checksum": "", "file_checksum_func_name": "Unknown", "smallest_seqno": 0, "largest_seqno": 0, "table_properties": {"data_size": 66, "index_size": 45, "index_partitions": 1, "top_level_index_size": 20, "index_key_is_user_key": 1, "index_value_is_delta_encoded": 1, "filter_size": 0, "raw_key_size": 16, "raw_average_key_size": 16, "raw_value_size": 34, "raw_average_value_size": 34, "num_data_blocks": 1, "num_entries": 1, "num_filter_entries": 0, "num_deletions": 0, "num_merge_operands": 0, "num_range_deletions": 0, "format_version": 0, "fixed_key_len": 0, "filter_policy": "", "column_family_name": "default", "column_family_id": 0, "comparator": "leveldb.BytewiseComparator", "merge_operator": "StringAppendOperator", "prefix_extractor_name": "rocksdb.FixedPrefix.8", "property_collectors": "[]", "compression": "Snappy", "compression_options": "window_bits=-14; level=32767; strategy=0; max_dict_bytes=0; zstd_max_train_bytes=0; enabled=0; max_dict_buffer_bytes=0; use_zstd_dict_trainer=1; ", "creation_time": 1688387107, "oldest_key_time": 0, "file_creation_time": 1689336532, "slow_compression_estimated_data_size": 0, "fast_compression_estimated_data_size": 0, "db_id": "5960f567-199a-11ee-8efe-b06ebfad4262", "db_session_id": "AZ04ERQ7YSN6ERELFIOX", "orig_file_number": 70, "seqno_to_time_mapping": "N/A"}}
2023/07/14-20:08:52.555193 12f4 (Original Log Time 2023/07/14-20:08:52.553133) [db\compaction\compaction_job.cc:1621] [default] [JOB 3] Compacted 10@0 files to L1 => 1140 bytes
2023/07/14-20:08:52.555240 12f4 (Original Log Time 2023/07/14-20:08:52.554985) [db\compaction\compaction_job.cc:842] [default] compacted to: files[0 1 0 0 0 0 0] max score 0.00, MB/sec: 2.2 rd, 0.2 wr, level 1, files in(10, 0) out(1 +0 blob) MB in(0.0, 0.0 +0.0 blob) out(0.0 +0.0 blob), read-write-amplify(1.1) write-amplify(0.1) OK, records in: 20, records dropped: 19 output_compression: Snappy
2023/07/14-20:08:52.555259 12f4 (Original Log Time 2023/07/14-20:08:52.555108) EVENT_LOG_v1 {"time_micros": 1689336532555017, "job": 3, "event": "compaction_finished", "compaction_time_micros": 5040, "compaction_time_cpu_micros": 0, "output_level": 1, "num_output_files": 1, "total_output_size": 1140, "num_input_records": 20, "num_output_records": 1, "num_subcompactions": 1, "output_compression": "Snappy", "num_single_delete_mismatches": 0, "num_single_delete_fallthrough": 0, "lsm_state": [0, 1, 0, 0, 0, 0, 0]}
2023/07/14-20:08:52.555909 12f4 [file\delete_scheduler.cc:77] Deleted file C:\Users\Aeneas\Desktop\nacos\data\protocol\raft\naming_service_metadata\log/000064.sst immediately, rate_bytes_per_sec 0, total_trash_size 0 max_trash_db_ratio 0.250000
2023/07/14-20:08:52.555967 12f4 EVENT_LOG_v1 {"time_micros": 1689336532555950, "job": 3, "event": "table_file_deletion", "file_number": 64}
2023/07/14-20:08:52.556445 12f4 [file\delete_scheduler.cc:77] Deleted file C:\Users\Aeneas\Desktop\nacos\data\protocol\raft\naming_service_metadata\log/000058.sst immediately, rate_bytes_per_sec 0, total_trash_size 0 max_trash_db_ratio 0.250000
2023/07/14-20:08:52.556495 12f4 EVENT_LOG_v1 {"time_micros": 1689336532556480, "job": 3, "event": "table_file_deletion", "file_number": 58}
2023/07/14-20:08:52.557033 12f4 [file\delete_scheduler.cc:77] Deleted file C:\Users\Aeneas\Desktop\nacos\data\protocol\raft\naming_service_metadata\log/000052.sst immediately, rate_bytes_per_sec 0, total_trash_size 0 max_trash_db_ratio 0.250000
2023/07/14-20:08:52.557086 12f4 EVENT_LOG_v1 {"time_micros": 1689336532557075, "job": 3, "event": "table_file_deletion", "file_number": 52}
2023/07/14-20:08:52.557619 12f4 [file\delete_scheduler.cc:77] Deleted file C:\Users\Aeneas\Desktop\nacos\data\protocol\raft\naming_service_metadata\log/000046.sst immediately, rate_bytes_per_sec 0, total_trash_size 0 max_trash_db_ratio 0.250000
2023/07/14-20:08:52.557669 12f4 EVENT_LOG_v1 {"time_micros": 1689336532557658, "job": 3, "event": "table_file_deletion", "file_number": 46}
2023/07/14-20:08:52.558011 12f4 [file\delete_scheduler.cc:77] Deleted file C:\Users\Aeneas\Desktop\nacos\data\protocol\raft\naming_service_metadata\log/000040.sst immediately, rate_bytes_per_sec 0, total_trash_size 0 max_trash_db_ratio 0.250000
2023/07/14-20:08:52.558048 12f4 EVENT_LOG_v1 {"time_micros": 1689336532558040, "job": 3, "event": "table_file_deletion", "file_number": 40}
2023/07/14-20:08:52.558386 12f4 [file\delete_scheduler.cc:77] Deleted file C:\Users\Aeneas\Desktop\nacos\data\protocol\raft\naming_service_metadata\log/000034.sst immediately, rate_bytes_per_sec 0, total_trash_size 0 max_trash_db_ratio 0.250000
2023/07/14-20:08:52.558428 12f4 EVENT_LOG_v1 {"time_micros": 1689336532558418, "job": 3, "event": "table_file_deletion", "file_number": 34}
2023/07/14-20:08:52.558830 12f4 [file\delete_scheduler.cc:77] Deleted file C:\Users\Aeneas\Desktop\nacos\data\protocol\raft\naming_service_metadata\log/000028.sst immediately, rate_bytes_per_sec 0, total_trash_size 0 max_trash_db_ratio 0.250000
2023/07/14-20:08:52.558869 12f4 EVENT_LOG_v1 {"time_micros": 1689336532558860, "job": 3, "event": "table_file_deletion", "file_number": 28}
2023/07/14-20:08:52.559176 12f4 [file\delete_scheduler.cc:77] Deleted file C:\Users\Aeneas\Desktop\nacos\data\protocol\raft\naming_service_metadata\log/000022.sst immediately, rate_bytes_per_sec 0, total_trash_size 0 max_trash_db_ratio 0.250000
2023/07/14-20:08:52.559216 12f4 EVENT_LOG_v1 {"time_micros": 1689336532559203, "job": 3, "event": "table_file_deletion", "file_number": 22}
2023/07/14-20:08:52.559534 12f4 [file\delete_scheduler.cc:77] Deleted file C:\Users\Aeneas\Desktop\nacos\data\protocol\raft\naming_service_metadata\log/000016.sst immediately, rate_bytes_per_sec 0, total_trash_size 0 max_trash_db_ratio 0.250000
2023/07/14-20:08:52.559591 12f4 EVENT_LOG_v1 {"time_micros": 1689336532559580, "job": 3, "event": "table_file_deletion", "file_number": 16}
2023/07/14-20:08:52.559974 12f4 [file\delete_scheduler.cc:77] Deleted file C:\Users\Aeneas\Desktop\nacos\data\protocol\raft\naming_service_metadata\log/000010.sst immediately, rate_bytes_per_sec 0, total_trash_size 0 max_trash_db_ratio 0.250000
2023/07/14-20:08:52.560015 12f4 EVENT_LOG_v1 {"time_micros": 1689336532560007, "job": 3, "event": "table_file_deletion", "file_number": 10}
2023/07/14-20:08:52.560146 12f4 [db\compaction\compaction_job.cc:1950] [Configuration] [JOB 6] Compacting 10@0 files to L1, score 1.00
2023/07/14-20:08:52.560170 12f4 [db\compaction\compaction_job.cc:1954] [Configuration] Compaction start summary: Base version 5 Base level 0, inputs: [65(1248B) 59(1219B) 53(1250B) 47(1248B) 41(1250B) 35(1248B) 29(1219B) 23(1219B) 17(1181B) 11(1123B)]
2023/07/14-20:08:52.560205 12f4 EVENT_LOG_v1 {"time_micros": 1689336532560186, "job": 6, "event": "compaction_started", "compaction_reason": "LevelL0FilesNum", "files_L0": [65, 59, 53, 47, 41, 35, 29, 23, 17, 11], "score": 1, "input_data_size": 12205, "oldest_snapshot_seqno": -1}
