2023/07/11-23:18:46.982614 375c RocksDB version: 7.7.3
2023/07/11-23:18:46.982748 375c Git sha eb9a80fe1f18017b4d7f4084e8f2554f12234822
2023/07/11-23:18:46.982816 375c Compile date 2022-10-24 17:17:55
2023/07/11-23:18:46.982840 375c DB SUMMARY
2023/07/11-23:18:46.982868 375c DB Session ID:  5RK6JUWDKCKO0E6XGK3S
2023/07/11-23:18:46.988763 375c CURRENT file:  CURRENT
2023/07/11-23:18:46.988821 375c IDENTITY file:  IDENTITY
2023/07/11-23:18:46.988989 375c MANIFEST file:  MANIFEST-000037 size: 1040 Bytes
2023/07/11-23:18:46.989018 375c SST files in C:\Users\Aeneas\Desktop\nacos\data\protocol\raft\naming_instance_metadata\log dir, Total Num: 10, files: 000010.sst 000011.sst 000016.sst 000017.sst 000022.sst 000023.sst 000028.sst 000029.sst 000034.sst 
2023/07/11-23:18:46.989730 375c Write Ahead Log file in C:\Users\Aeneas\Desktop\nacos\data\protocol\raft\naming_instance_metadata\log: 000036.log size: 943 ; 
2023/07/11-23:18:46.989758 375c                         Options.error_if_exists: 0
2023/07/11-23:18:46.989769 375c                       Options.create_if_missing: 1
2023/07/11-23:18:46.989779 375c                         Options.paranoid_checks: 1
2023/07/11-23:18:46.989787 375c             Options.flush_verify_memtable_count: 1
2023/07/11-23:18:46.989794 375c                               Options.track_and_verify_wals_in_manifest: 0
2023/07/11-23:18:46.989801 375c        Options.verify_sst_unique_id_in_manifest: 1
2023/07/11-23:18:46.989807 375c                                     Options.env: 0000025D18066020
2023/07/11-23:18:46.989815 375c                                      Options.fs: WinFS
2023/07/11-23:18:46.989821 375c                                Options.info_log: 0000025D18A92870
2023/07/11-23:18:46.989827 375c                Options.max_file_opening_threads: 16
2023/07/11-23:18:46.989834 375c                              Options.statistics: 0000025D155C2800
2023/07/11-23:18:46.989840 375c                               Options.use_fsync: 0
2023/07/11-23:18:46.989846 375c                       Options.max_log_file_size: 0
2023/07/11-23:18:46.989852 375c                  Options.max_manifest_file_size: 1073741824
2023/07/11-23:18:46.989858 375c                   Options.log_file_time_to_roll: 0
2023/07/11-23:18:46.989865 375c                       Options.keep_log_file_num: 100
2023/07/11-23:18:46.989871 375c                    Options.recycle_log_file_num: 0
2023/07/11-23:18:46.989877 375c                         Options.allow_fallocate: 1
2023/07/11-23:18:46.989883 375c                        Options.allow_mmap_reads: 0
2023/07/11-23:18:46.989889 375c                       Options.allow_mmap_writes: 0
2023/07/11-23:18:46.989895 375c                        Options.use_direct_reads: 0
2023/07/11-23:18:46.989901 375c                        Options.use_direct_io_for_flush_and_compaction: 0
2023/07/11-23:18:46.989907 375c          Options.create_missing_column_families: 1
2023/07/11-23:18:46.989913 375c                              Options.db_log_dir: 
2023/07/11-23:18:46.989919 375c                                 Options.wal_dir: 
2023/07/11-23:18:46.989925 375c                Options.table_cache_numshardbits: 6
2023/07/11-23:18:46.989932 375c                         Options.WAL_ttl_seconds: 0
2023/07/11-23:18:46.989938 375c                       Options.WAL_size_limit_MB: 0
2023/07/11-23:18:46.989945 375c                        Options.max_write_batch_group_size_bytes: 1048576
2023/07/11-23:18:46.989952 375c             Options.manifest_preallocation_size: 4194304
2023/07/11-23:18:46.989959 375c                     Options.is_fd_close_on_exec: 1
2023/07/11-23:18:46.989965 375c                   Options.advise_random_on_open: 1
2023/07/11-23:18:46.989971 375c                    Options.db_write_buffer_size: 0
2023/07/11-23:18:46.989976 375c                    Options.write_buffer_manager: 0000025D180655D0
2023/07/11-23:18:46.989983 375c         Options.access_hint_on_compaction_start: 1
2023/07/11-23:18:46.989989 375c           Options.random_access_max_buffer_size: 1048576
2023/07/11-23:18:46.989996 375c                      Options.use_adaptive_mutex: 0
2023/07/11-23:18:46.990070 375c                            Options.rate_limiter: 0000000000000000
2023/07/11-23:18:46.990089 375c     Options.sst_file_manager.rate_bytes_per_sec: 0
2023/07/11-23:18:46.990097 375c                       Options.wal_recovery_mode: 2
2023/07/11-23:18:46.990104 375c                  Options.enable_thread_tracking: 0
2023/07/11-23:18:46.990111 375c                  Options.enable_pipelined_write: 0
2023/07/11-23:18:46.990118 375c                  Options.unordered_write: 0
2023/07/11-23:18:46.990124 375c         Options.allow_concurrent_memtable_write: 1
2023/07/11-23:18:46.990131 375c      Options.enable_write_thread_adaptive_yield: 1
2023/07/11-23:18:46.990137 375c             Options.write_thread_max_yield_usec: 100
2023/07/11-23:18:46.990143 375c            Options.write_thread_slow_yield_usec: 3
2023/07/11-23:18:46.990150 375c                               Options.row_cache: None
2023/07/11-23:18:46.990156 375c                              Options.wal_filter: None
2023/07/11-23:18:46.990163 375c             Options.avoid_flush_during_recovery: 0
2023/07/11-23:18:46.990169 375c             Options.allow_ingest_behind: 0
2023/07/11-23:18:46.990175 375c             Options.two_write_queues: 0
2023/07/11-23:18:46.990208 375c             Options.manual_wal_flush: 0
2023/07/11-23:18:46.990215 375c             Options.wal_compression: 0
2023/07/11-23:18:46.990222 375c             Options.atomic_flush: 0
2023/07/11-23:18:46.990228 375c             Options.avoid_unnecessary_blocking_io: 0
2023/07/11-23:18:46.990235 375c                 Options.persist_stats_to_disk: 0
2023/07/11-23:18:46.990242 375c                 Options.write_dbid_to_manifest: 0
2023/07/11-23:18:46.990248 375c                 Options.log_readahead_size: 0
2023/07/11-23:18:46.990255 375c                 Options.file_checksum_gen_factory: Unknown
2023/07/11-23:18:46.990261 375c                 Options.best_efforts_recovery: 0
2023/07/11-23:18:46.990268 375c                Options.max_bgerror_resume_count: 2147483647
2023/07/11-23:18:46.990274 375c            Options.bgerror_resume_retry_interval: 1000000
2023/07/11-23:18:46.990280 375c             Options.allow_data_in_errors: 0
2023/07/11-23:18:46.990287 375c             Options.db_host_id: __hostname__
2023/07/11-23:18:46.990294 375c             Options.enforce_single_del_contracts: true
2023/07/11-23:18:46.990300 375c             Options.max_background_jobs: 2
2023/07/11-23:18:46.990307 375c             Options.max_background_compactions: 4
2023/07/11-23:18:46.990314 375c             Options.max_subcompactions: 1
2023/07/11-23:18:46.990326 375c             Options.avoid_flush_during_shutdown: 0
2023/07/11-23:18:46.990338 375c           Options.writable_file_max_buffer_size: 1048576
2023/07/11-23:18:46.990345 375c             Options.delayed_write_rate : 16777216
2023/07/11-23:18:46.990352 375c             Options.max_total_wal_size: 1073741824
2023/07/11-23:18:46.990359 375c             Options.delete_obsolete_files_period_micros: 21600000000
2023/07/11-23:18:46.990366 375c                   Options.stats_dump_period_sec: 600
2023/07/11-23:18:46.990373 375c                 Options.stats_persist_period_sec: 600
2023/07/11-23:18:46.990379 375c                 Options.stats_history_buffer_size: 1048576
2023/07/11-23:18:46.990392 375c                          Options.max_open_files: -1
2023/07/11-23:18:46.990404 375c                          Options.bytes_per_sync: 0
2023/07/11-23:18:46.990409 375c                      Options.wal_bytes_per_sync: 0
2023/07/11-23:18:46.990413 375c                   Options.strict_bytes_per_sync: 0
2023/07/11-23:18:46.990418 375c       Options.compaction_readahead_size: 0
2023/07/11-23:18:46.990422 375c                  Options.max_background_flushes: 1
2023/07/11-23:18:46.990427 375c Compression algorithms supported:
2023/07/11-23:18:46.990433 375c 	kZSTD supported: 1
2023/07/11-23:18:46.990444 375c 	kSnappyCompression supported: 1
2023/07/11-23:18:46.990452 375c 	kBZip2Compression supported: 0
2023/07/11-23:18:46.990459 375c 	kZlibCompression supported: 1
2023/07/11-23:18:46.991005 375c 	kLZ4Compression supported: 1
2023/07/11-23:18:46.991024 375c 	kXpressCompression supported: 0
2023/07/11-23:18:46.991032 375c 	kLZ4HCCompression supported: 1
2023/07/11-23:18:46.991039 375c 	kZSTDNotFinalCompression supported: 1
2023/07/11-23:18:46.991051 375c Fast CRC32 supported: Not supported on x86
2023/07/11-23:18:46.991063 375c DMutex implementation: std::mutex
2023/07/11-23:18:46.995522 375c [db\version_set.cc:5531] Recovering from manifest file: C:\Users\Aeneas\Desktop\nacos\data\protocol\raft\naming_instance_metadata\log/MANIFEST-000037
2023/07/11-23:18:47.003770 375c [db\column_family.cc:633] --------------- Options for column family [default]:
2023/07/11-23:18:47.003801 375c               Options.comparator: leveldb.BytewiseComparator
2023/07/11-23:18:47.003810 375c           Options.merge_operator: StringAppendOperator
2023/07/11-23:18:47.003816 375c        Options.compaction_filter: None
2023/07/11-23:18:47.003822 375c        Options.compaction_filter_factory: None
2023/07/11-23:18:47.003828 375c  Options.sst_partitioner_factory: None
2023/07/11-23:18:47.003835 375c         Options.memtable_factory: SkipListFactory
2023/07/11-23:18:47.003841 375c            Options.table_factory: BlockBasedTable
2023/07/11-23:18:47.003902 375c            table_factory options:   flush_block_policy_factory: FlushBlockBySizePolicyFactory (0000025D187B1ED0)
  cache_index_and_filter_blocks: 0
  cache_index_and_filter_blocks_with_high_priority: 1
  pin_l0_filter_and_index_blocks_in_cache: 1
  pin_top_level_index_and_filter: 1
  index_type: 2
  data_block_index_type: 0
  index_shortening: 1
  data_block_hash_table_util_ratio: 0.750000
  checksum: 1
  no_block_cache: 0
  block_cache: 0000025D17AAFFA0
  block_cache_name: LRUCache
  block_cache_options:
    capacity : 536870912
    num_shard_bits : 8
    strict_capacity_limit : 0
    memory_allocator : None
    high_pri_pool_ratio: 0.500
    low_pri_pool_ratio: 0.000
  block_cache_compressed: 0000000000000000
  persistent_cache: 0000000000000000
  block_size: 4096
  block_size_deviation: 10
  block_restart_interval: 16
  index_block_restart_interval: 1
  metadata_block_size: 8192
  partition_filters: 1
  use_delta_encoding: 1
  filter_policy: nullptr
  whole_key_filtering: 1
  verify_compression: 0
  read_amp_bytes_per_bit: 0
  format_version: 5
  enable_index_compression: 1
  block_align: 0
  max_auto_readahead_size: 262144
  prepopulate_block_cache: 0
  initial_auto_readahead_size: 8192
  num_file_reads_for_auto_readahead: 2
2023/07/11-23:18:47.003911 375c        Options.write_buffer_size: 67108864
2023/07/11-23:18:47.003918 375c  Options.max_write_buffer_number: 3
2023/07/11-23:18:47.003924 375c          Options.compression: Snappy
2023/07/11-23:18:47.003931 375c                  Options.bottommost_compression: Disabled
2023/07/11-23:18:47.003937 375c       Options.prefix_extractor: rocksdb.FixedPrefix
2023/07/11-23:18:47.003944 375c   Options.memtable_insert_with_hint_prefix_extractor: nullptr
2023/07/11-23:18:47.003950 375c             Options.num_levels: 7
2023/07/11-23:18:47.003956 375c        Options.min_write_buffer_number_to_merge: 1
2023/07/11-23:18:47.003963 375c     Options.max_write_buffer_number_to_maintain: 0
2023/07/11-23:18:47.003969 375c     Options.max_write_buffer_size_to_maintain: 0
2023/07/11-23:18:47.003976 375c            Options.bottommost_compression_opts.window_bits: -14
2023/07/11-23:18:47.003982 375c                  Options.bottommost_compression_opts.level: 32767
2023/07/11-23:18:47.003989 375c               Options.bottommost_compression_opts.strategy: 0
2023/07/11-23:18:47.003995 375c         Options.bottommost_compression_opts.max_dict_bytes: 0
2023/07/11-23:18:47.004002 375c         Options.bottommost_compression_opts.zstd_max_train_bytes: 0
2023/07/11-23:18:47.004009 375c         Options.bottommost_compression_opts.parallel_threads: 1
2023/07/11-23:18:47.004015 375c                  Options.bottommost_compression_opts.enabled: false
2023/07/11-23:18:47.004022 375c         Options.bottommost_compression_opts.max_dict_buffer_bytes: 0
2023/07/11-23:18:47.004034 375c         Options.bottommost_compression_opts.use_zstd_dict_trainer: true
2023/07/11-23:18:47.004042 375c            Options.compression_opts.window_bits: -14
2023/07/11-23:18:47.004049 375c                  Options.compression_opts.level: 32767
2023/07/11-23:18:47.004055 375c               Options.compression_opts.strategy: 0
2023/07/11-23:18:47.004062 375c         Options.compression_opts.max_dict_bytes: 0
2023/07/11-23:18:47.004068 375c         Options.compression_opts.zstd_max_train_bytes: 0
2023/07/11-23:18:47.004075 375c         Options.compression_opts.use_zstd_dict_trainer: true
2023/07/11-23:18:47.004081 375c         Options.compression_opts.parallel_threads: 1
2023/07/11-23:18:47.004088 375c                  Options.compression_opts.enabled: false
2023/07/11-23:18:47.004094 375c         Options.compression_opts.max_dict_buffer_bytes: 0
2023/07/11-23:18:47.004101 375c      Options.level0_file_num_compaction_trigger: 10
2023/07/11-23:18:47.004107 375c          Options.level0_slowdown_writes_trigger: 20
2023/07/11-23:18:47.004113 375c              Options.level0_stop_writes_trigger: 40
2023/07/11-23:18:47.004120 375c                   Options.target_file_size_base: 67108864
2023/07/11-23:18:47.004126 375c             Options.target_file_size_multiplier: 1
2023/07/11-23:18:47.004133 375c                Options.max_bytes_for_level_base: 536870912
2023/07/11-23:18:47.004139 375c Options.level_compaction_dynamic_level_bytes: 0
2023/07/11-23:18:47.004146 375c          Options.max_bytes_for_level_multiplier: 10.000000
2023/07/11-23:18:47.004154 375c Options.max_bytes_for_level_multiplier_addtl[0]: 1
2023/07/11-23:18:47.004161 375c Options.max_bytes_for_level_multiplier_addtl[1]: 1
2023/07/11-23:18:47.004168 375c Options.max_bytes_for_level_multiplier_addtl[2]: 1
2023/07/11-23:18:47.004174 375c Options.max_bytes_for_level_multiplier_addtl[3]: 1
2023/07/11-23:18:47.004181 375c Options.max_bytes_for_level_multiplier_addtl[4]: 1
2023/07/11-23:18:47.004187 375c Options.max_bytes_for_level_multiplier_addtl[5]: 1
2023/07/11-23:18:47.004194 375c Options.max_bytes_for_level_multiplier_addtl[6]: 1
2023/07/11-23:18:47.004200 375c       Options.max_sequential_skip_in_iterations: 8
2023/07/11-23:18:47.004207 375c                    Options.max_compaction_bytes: 1677721600
2023/07/11-23:18:47.004214 375c                        Options.arena_block_size: 1048576
2023/07/11-23:18:47.004220 375c   Options.soft_pending_compaction_bytes_limit: 68719476736
2023/07/11-23:18:47.004227 375c   Options.hard_pending_compaction_bytes_limit: 274877906944
2023/07/11-23:18:47.004233 375c                Options.disable_auto_compactions: 0
2023/07/11-23:18:47.004242 375c                        Options.compaction_style: kCompactionStyleLevel
2023/07/11-23:18:47.004250 375c                          Options.compaction_pri: kMinOverlappingRatio
2023/07/11-23:18:47.004257 375c Options.compaction_options_universal.size_ratio: 1
2023/07/11-23:18:47.004263 375c Options.compaction_options_universal.min_merge_width: 2
2023/07/11-23:18:47.004271 375c Options.compaction_options_universal.max_merge_width: 4294967295
2023/07/11-23:18:47.004278 375c Options.compaction_options_universal.max_size_amplification_percent: 200
2023/07/11-23:18:47.004285 375c Options.compaction_options_universal.compression_size_percent: -1
2023/07/11-23:18:47.004294 375c Options.compaction_options_universal.stop_style: kCompactionStopStyleTotalSize
2023/07/11-23:18:47.004302 375c Options.compaction_options_fifo.max_table_files_size: 1073741824
2023/07/11-23:18:47.004308 375c Options.compaction_options_fifo.allow_compaction: 0
2023/07/11-23:18:47.004319 375c                   Options.table_properties_collectors: 
2023/07/11-23:18:47.004326 375c                   Options.inplace_update_support: 0
2023/07/11-23:18:47.004332 375c                 Options.inplace_update_num_locks: 10000
2023/07/11-23:18:47.004339 375c               Options.memtable_prefix_bloom_size_ratio: 0.125000
2023/07/11-23:18:47.004347 375c               Options.memtable_whole_key_filtering: 0
2023/07/11-23:18:47.004816 375c   Options.memtable_huge_page_size: 0
2023/07/11-23:18:47.004836 375c                           Options.bloom_locality: 0
2023/07/11-23:18:47.004844 375c                    Options.max_successive_merges: 0
2023/07/11-23:18:47.004851 375c                Options.optimize_filters_for_hits: 0
2023/07/11-23:18:47.004857 375c                Options.paranoid_file_checks: 0
2023/07/11-23:18:47.004864 375c                Options.force_consistency_checks: 1
2023/07/11-23:18:47.004871 375c                Options.report_bg_io_stats: 0
2023/07/11-23:18:47.004878 375c                               Options.ttl: 2592000
2023/07/11-23:18:47.004884 375c          Options.periodic_compaction_seconds: 0
2023/07/11-23:18:47.004890 375c  Options.preclude_last_level_data_seconds: 0
2023/07/11-23:18:47.004897 375c                       Options.enable_blob_files: false
2023/07/11-23:18:47.004904 375c                           Options.min_blob_size: 0
2023/07/11-23:18:47.004910 375c                          Options.blob_file_size: 268435456
2023/07/11-23:18:47.004917 375c                   Options.blob_compression_type: NoCompression
2023/07/11-23:18:47.004925 375c          Options.enable_blob_garbage_collection: false
2023/07/11-23:18:47.004931 375c      Options.blob_garbage_collection_age_cutoff: 0.250000
2023/07/11-23:18:47.004940 375c Options.blob_garbage_collection_force_threshold: 1.000000
2023/07/11-23:18:47.004947 375c          Options.blob_compaction_readahead_size: 0
2023/07/11-23:18:47.004953 375c                Options.blob_file_starting_level: 0
2023/07/11-23:18:47.004960 375c Options.experimental_mempurge_threshold: 0.000000
2023/07/11-23:18:47.012847 375c [db\column_family.cc:633] --------------- Options for column family [Configuration]:
2023/07/11-23:18:47.012892 375c               Options.comparator: leveldb.BytewiseComparator
2023/07/11-23:18:47.012904 375c           Options.merge_operator: StringAppendOperator
2023/07/11-23:18:47.012909 375c        Options.compaction_filter: None
2023/07/11-23:18:47.012914 375c        Options.compaction_filter_factory: None
2023/07/11-23:18:47.012918 375c  Options.sst_partitioner_factory: None
2023/07/11-23:18:47.012927 375c         Options.memtable_factory: SkipListFactory
2023/07/11-23:18:47.012932 375c            Options.table_factory: BlockBasedTable
2023/07/11-23:18:47.013003 375c            table_factory options:   flush_block_policy_factory: FlushBlockBySizePolicyFactory (0000025D187B1ED0)
  cache_index_and_filter_blocks: 0
  cache_index_and_filter_blocks_with_high_priority: 1
  pin_l0_filter_and_index_blocks_in_cache: 1
  pin_top_level_index_and_filter: 1
  index_type: 2
  data_block_index_type: 0
  index_shortening: 1
  data_block_hash_table_util_ratio: 0.750000
  checksum: 1
  no_block_cache: 0
  block_cache: 0000025D17AAFFA0
  block_cache_name: LRUCache
  block_cache_options:
    capacity : 536870912
    num_shard_bits : 8
    strict_capacity_limit : 0
    memory_allocator : None
    high_pri_pool_ratio: 0.500
    low_pri_pool_ratio: 0.000
  block_cache_compressed: 0000000000000000
  persistent_cache: 0000000000000000
  block_size: 4096
  block_size_deviation: 10
  block_restart_interval: 16
  index_block_restart_interval: 1
  metadata_block_size: 8192
  partition_filters: 1
  use_delta_encoding: 1
  filter_policy: nullptr
  whole_key_filtering: 1
  verify_compression: 0
  read_amp_bytes_per_bit: 0
  format_version: 5
  enable_index_compression: 1
  block_align: 0
  max_auto_readahead_size: 262144
  prepopulate_block_cache: 0
  initial_auto_readahead_size: 8192
  num_file_reads_for_auto_readahead: 2
2023/07/11-23:18:47.013013 375c        Options.write_buffer_size: 67108864
2023/07/11-23:18:47.013018 375c  Options.max_write_buffer_number: 3
2023/07/11-23:18:47.013022 375c          Options.compression: Snappy
2023/07/11-23:18:47.013027 375c                  Options.bottommost_compression: Disabled
2023/07/11-23:18:47.013036 375c       Options.prefix_extractor: rocksdb.FixedPrefix
2023/07/11-23:18:47.013041 375c   Options.memtable_insert_with_hint_prefix_extractor: nullptr
2023/07/11-23:18:47.013050 375c             Options.num_levels: 7
2023/07/11-23:18:47.013056 375c        Options.min_write_buffer_number_to_merge: 1
2023/07/11-23:18:47.013060 375c     Options.max_write_buffer_number_to_maintain: 0
2023/07/11-23:18:47.013064 375c     Options.max_write_buffer_size_to_maintain: 0
2023/07/11-23:18:47.013069 375c            Options.bottommost_compression_opts.window_bits: -14
2023/07/11-23:18:47.013073 375c                  Options.bottommost_compression_opts.level: 32767
2023/07/11-23:18:47.013078 375c               Options.bottommost_compression_opts.strategy: 0
2023/07/11-23:18:47.013082 375c         Options.bottommost_compression_opts.max_dict_bytes: 0
2023/07/11-23:18:47.013087 375c         Options.bottommost_compression_opts.zstd_max_train_bytes: 0
2023/07/11-23:18:47.013091 375c         Options.bottommost_compression_opts.parallel_threads: 1
2023/07/11-23:18:47.013096 375c                  Options.bottommost_compression_opts.enabled: false
2023/07/11-23:18:47.013100 375c         Options.bottommost_compression_opts.max_dict_buffer_bytes: 0
2023/07/11-23:18:47.013104 375c         Options.bottommost_compression_opts.use_zstd_dict_trainer: true
2023/07/11-23:18:47.013109 375c            Options.compression_opts.window_bits: -14
2023/07/11-23:18:47.013113 375c                  Options.compression_opts.level: 32767
2023/07/11-23:18:47.013118 375c               Options.compression_opts.strategy: 0
2023/07/11-23:18:47.013122 375c         Options.compression_opts.max_dict_bytes: 0
2023/07/11-23:18:47.013126 375c         Options.compression_opts.zstd_max_train_bytes: 0
2023/07/11-23:18:47.013131 375c         Options.compression_opts.use_zstd_dict_trainer: true
2023/07/11-23:18:47.013135 375c         Options.compression_opts.parallel_threads: 1
2023/07/11-23:18:47.013139 375c                  Options.compression_opts.enabled: false
2023/07/11-23:18:47.013144 375c         Options.compression_opts.max_dict_buffer_bytes: 0
2023/07/11-23:18:47.013148 375c      Options.level0_file_num_compaction_trigger: 10
2023/07/11-23:18:47.013152 375c          Options.level0_slowdown_writes_trigger: 20
2023/07/11-23:18:47.013157 375c              Options.level0_stop_writes_trigger: 40
2023/07/11-23:18:47.013161 375c                   Options.target_file_size_base: 67108864
2023/07/11-23:18:47.013166 375c             Options.target_file_size_multiplier: 1
2023/07/11-23:18:47.013170 375c                Options.max_bytes_for_level_base: 536870912
2023/07/11-23:18:47.013174 375c Options.level_compaction_dynamic_level_bytes: 0
2023/07/11-23:18:47.013179 375c          Options.max_bytes_for_level_multiplier: 10.000000
2023/07/11-23:18:47.013189 375c Options.max_bytes_for_level_multiplier_addtl[0]: 1
2023/07/11-23:18:47.013194 375c Options.max_bytes_for_level_multiplier_addtl[1]: 1
2023/07/11-23:18:47.013198 375c Options.max_bytes_for_level_multiplier_addtl[2]: 1
2023/07/11-23:18:47.013203 375c Options.max_bytes_for_level_multiplier_addtl[3]: 1
2023/07/11-23:18:47.013207 375c Options.max_bytes_for_level_multiplier_addtl[4]: 1
2023/07/11-23:18:47.013212 375c Options.max_bytes_for_level_multiplier_addtl[5]: 1
2023/07/11-23:18:47.013216 375c Options.max_bytes_for_level_multiplier_addtl[6]: 1
2023/07/11-23:18:47.013220 375c       Options.max_sequential_skip_in_iterations: 8
2023/07/11-23:18:47.013224 375c                    Options.max_compaction_bytes: 1677721600
2023/07/11-23:18:47.013229 375c                        Options.arena_block_size: 1048576
2023/07/11-23:18:47.013233 375c   Options.soft_pending_compaction_bytes_limit: 68719476736
2023/07/11-23:18:47.013238 375c   Options.hard_pending_compaction_bytes_limit: 274877906944
2023/07/11-23:18:47.013242 375c                Options.disable_auto_compactions: 0
2023/07/11-23:18:47.013248 375c                        Options.compaction_style: kCompactionStyleLevel
2023/07/11-23:18:47.013253 375c                          Options.compaction_pri: kMinOverlappingRatio
2023/07/11-23:18:47.013257 375c Options.compaction_options_universal.size_ratio: 1
2023/07/11-23:18:47.013263 375c Options.compaction_options_universal.min_merge_width: 2
2023/07/11-23:18:47.013269 375c Options.compaction_options_universal.max_merge_width: 4294967295
2023/07/11-23:18:47.013273 375c Options.compaction_options_universal.max_size_amplification_percent: 200
2023/07/11-23:18:47.013278 375c Options.compaction_options_universal.compression_size_percent: -1
2023/07/11-23:18:47.013284 375c Options.compaction_options_universal.stop_style: kCompactionStopStyleTotalSize
2023/07/11-23:18:47.013292 375c Options.compaction_options_fifo.max_table_files_size: 1073741824
2023/07/11-23:18:47.013299 375c Options.compaction_options_fifo.allow_compaction: 0
2023/07/11-23:18:47.013317 375c                   Options.table_properties_collectors: 
2023/07/11-23:18:47.013323 375c                   Options.inplace_update_support: 0
2023/07/11-23:18:47.013328 375c                 Options.inplace_update_num_locks: 10000
2023/07/11-23:18:47.013332 375c               Options.memtable_prefix_bloom_size_ratio: 0.125000
2023/07/11-23:18:47.013337 375c               Options.memtable_whole_key_filtering: 0
2023/07/11-23:18:47.013342 375c   Options.memtable_huge_page_size: 0
2023/07/11-23:18:47.013346 375c                           Options.bloom_locality: 0
2023/07/11-23:18:47.013351 375c                    Options.max_successive_merges: 0
2023/07/11-23:18:47.013355 375c                Options.optimize_filters_for_hits: 0
2023/07/11-23:18:47.013359 375c                Options.paranoid_file_checks: 0
2023/07/11-23:18:47.013364 375c                Options.force_consistency_checks: 1
2023/07/11-23:18:47.013368 375c                Options.report_bg_io_stats: 0
2023/07/11-23:18:47.013372 375c                               Options.ttl: 2592000
2023/07/11-23:18:47.013376 375c          Options.periodic_compaction_seconds: 0
2023/07/11-23:18:47.013381 375c  Options.preclude_last_level_data_seconds: 0
2023/07/11-23:18:47.013385 375c                       Options.enable_blob_files: false
2023/07/11-23:18:47.013390 375c                           Options.min_blob_size: 0
2023/07/11-23:18:47.013394 375c                          Options.blob_file_size: 268435456
2023/07/11-23:18:47.013399 375c                   Options.blob_compression_type: NoCompression
2023/07/11-23:18:47.013410 375c          Options.enable_blob_garbage_collection: false
2023/07/11-23:18:47.013414 375c      Options.blob_garbage_collection_age_cutoff: 0.250000
2023/07/11-23:18:47.013419 375c Options.blob_garbage_collection_force_threshold: 1.000000
2023/07/11-23:18:47.013424 375c          Options.blob_compaction_readahead_size: 0
2023/07/11-23:18:47.013428 375c                Options.blob_file_starting_level: 0
2023/07/11-23:18:47.013433 375c Options.experimental_mempurge_threshold: 0.000000
2023/07/11-23:18:47.284213 375c [db\version_set.cc:5579] Recovered from manifest file:C:\Users\Aeneas\Desktop\nacos\data\protocol\raft\naming_instance_metadata\log/MANIFEST-000037 succeeded,manifest_file_number is 37, next_file_number is 39, last_sequence is 40, log_number is 31,prev_log_number is 0,max_column_family is 1,min_log_number_to_keep is 31
2023/07/11-23:18:47.284286 375c [db\version_set.cc:5588] Column family [default] (ID 0), log number is 31
2023/07/11-23:18:47.284296 375c [db\version_set.cc:5588] Column family [Configuration] (ID 1), log number is 31
2023/07/11-23:18:47.309950 375c [db\db_impl\db_impl_open.cc:529] DB ID: 5960f566-199a-11ee-8efe-b06ebfad4262
2023/07/11-23:18:47.320572 375c EVENT_LOG_v1 {"time_micros": 1689088727320531, "job": 1, "event": "recovery_started", "wal_files": [36]}
2023/07/11-23:18:47.320724 375c [db\db_impl\db_impl_open.cc:1029] Recovering log #36 mode 2
2023/07/11-23:18:47.409023 375c EVENT_LOG_v1 {"time_micros": 1689088727408900, "cf_name": "default", "job": 1, "event": "table_file_creation", "file_number": 40, "file_size": 1104, "file_checksum": "", "file_checksum_func_name": "Unknown", "smallest_seqno": 42, "largest_seqno": 50, "table_properties": {"data_size": 0, "index_size": 13, "index_partitions": 0, "top_level_index_size": 8, "index_key_is_user_key": 1, "index_value_is_delta_encoded": 1, "filter_size": 0, "raw_key_size": 48, "raw_average_key_size": 16, "raw_value_size": 24, "raw_average_value_size": 8, "num_data_blocks": 0, "num_entries": 3, "num_filter_entries": 0, "num_deletions": 3, "num_merge_operands": 0, "num_range_deletions": 3, "format_version": 0, "fixed_key_len": 0, "filter_policy": "", "column_family_name": "default", "column_family_id": 0, "comparator": "leveldb.BytewiseComparator", "merge_operator": "StringAppendOperator", "prefix_extractor_name": "rocksdb.FixedPrefix.8", "property_collectors": "[]", "compression": "Snappy", "compression_options": "window_bits=-14; level=32767; strategy=0; max_dict_bytes=0; zstd_max_train_bytes=0; enabled=0; max_dict_buffer_bytes=0; use_zstd_dict_trainer=1; ", "creation_time": 1689088727, "oldest_key_time": 0, "file_creation_time": 0, "slow_compression_estimated_data_size": 0, "fast_compression_estimated_data_size": 0, "db_id": "5960f566-199a-11ee-8efe-b06ebfad4262", "db_session_id": "5RK6JUWDKCKO0E6XGK3S", "orig_file_number": 40, "seqno_to_time_mapping": "N/A"}}
2023/07/11-23:18:47.432623 375c EVENT_LOG_v1 {"time_micros": 1689088727432556, "cf_name": "Configuration", "job": 1, "event": "table_file_creation", "file_number": 41, "file_size": 1250, "file_checksum": "", "file_checksum_func_name": "Unknown", "smallest_seqno": 43, "largest_seqno": 61, "table_properties": {"data_size": 44, "index_size": 65, "index_partitions": 1, "top_level_index_size": 30, "index_key_is_user_key": 1, "index_value_is_delta_encoded": 1, "filter_size": 0, "raw_key_size": 74, "raw_average_key_size": 18, "raw_value_size": 32, "raw_average_value_size": 8, "num_data_blocks": 1, "num_entries": 4, "num_filter_entries": 0, "num_deletions": 3, "num_merge_operands": 0, "num_range_deletions": 3, "format_version": 0, "fixed_key_len": 0, "filter_policy": "", "column_family_name": "Configuration", "column_family_id": 1, "comparator": "leveldb.BytewiseComparator", "merge_operator": "StringAppendOperator", "prefix_extractor_name": "rocksdb.FixedPrefix.8", "property_collectors": "[]", "compression": "Snappy", "compression_options": "window_bits=-14; level=32767; strategy=0; max_dict_bytes=0; zstd_max_train_bytes=0; enabled=0; max_dict_buffer_bytes=0; use_zstd_dict_trainer=1; ", "creation_time": 1689088727, "oldest_key_time": 0, "file_creation_time": 0, "slow_compression_estimated_data_size": 0, "fast_compression_estimated_data_size": 0, "db_id": "5960f566-199a-11ee-8efe-b06ebfad4262", "db_session_id": "5RK6JUWDKCKO0E6XGK3S", "orig_file_number": 41, "seqno_to_time_mapping": "N/A"}}
2023/07/11-23:18:47.440596 375c EVENT_LOG_v1 {"time_micros": 1689088727440578, "job": 1, "event": "recovery_finished"}
2023/07/11-23:18:47.442040 375c [db\version_set.cc:5051] Creating manifest 43
2023/07/11-23:18:47.499276 375c [file\delete_scheduler.cc:77] Deleted file C:\Users\Aeneas\Desktop\nacos\data\protocol\raft\naming_instance_metadata\log/000036.log immediately, rate_bytes_per_sec 0, total_trash_size 0 max_trash_db_ratio 0.250000
2023/07/11-23:18:47.499361 375c [db\db_impl\db_impl_open.cc:1985] SstFileManager instance 0000025D178EAFB0
2023/07/11-23:18:47.501316 375c DB pointer 0000025D17BF4B40
2023/07/11-23:18:50.514806 5854 [db\db_impl\db_impl.cc:1101] ------- DUMPING STATS -------
2023/07/11-23:18:50.514864 5854 [db\db_impl\db_impl.cc:1102] 
** DB Stats **
Uptime(secs): 3.5 total, 3.5 interval
Cumulative writes: 6 writes, 7 keys, 6 commit groups, 1.0 writes per commit group, ingest: 0.00 GB, 0.00 MB/s
Cumulative WAL: 6 writes, 2 syncs, 3.00 writes per sync, written: 0.00 GB, 0.00 MB/s
Cumulative stall: 00:00:0.000 H:M:S, 0.0 percent
Interval writes: 6 writes, 7 keys, 6 commit groups, 1.0 writes per commit group, ingest: 0.00 MB, 0.00 MB/s
Interval WAL: 6 writes, 2 syncs, 3.00 writes per sync, written: 0.00 GB, 0.00 MB/s
Interval stall: 00:00:0.000 H:M:S, 0.0 percent

** Compaction Stats [default] **
Level    Files   Size     Score Read(GB)  Rn(GB) Rnp1(GB) Write(GB) Wnew(GB) Moved(GB) W-Amp Rd(MB/s) Wr(MB/s) Comp(sec) CompMergeCPU(sec) Comp(cnt) Avg(sec) KeyIn KeyDrop Rblob(GB) Wblob(GB)
------------------------------------------------------------------------------------------------------------------------------------------------------------------------------------------------
  L0      6/0    6.51 KB   0.6      0.0     0.0      0.0       0.0      0.0       0.0   1.0      0.0      0.0      0.07              0.00         1    0.068       0      0       0.0       0.0
 Sum      6/0    6.51 KB   0.0      0.0     0.0      0.0       0.0      0.0       0.0   1.0      0.0      0.0      0.07              0.00         1    0.068       0      0       0.0       0.0
 Int      0/0    0.00 KB   0.0      0.0     0.0      0.0       0.0      0.0       0.0   1.0      0.0      0.0      0.07              0.00         1    0.068       0      0       0.0       0.0

** Compaction Stats [default] **
Priority    Files   Size     Score Read(GB)  Rn(GB) Rnp1(GB) Write(GB) Wnew(GB) Moved(GB) W-Amp Rd(MB/s) Wr(MB/s) Comp(sec) CompMergeCPU(sec) Comp(cnt) Avg(sec) KeyIn KeyDrop Rblob(GB) Wblob(GB)
---------------------------------------------------------------------------------------------------------------------------------------------------------------------------------------------------
User      0/0    0.00 KB   0.0      0.0     0.0      0.0       0.0      0.0       0.0   0.0      0.0      0.0      0.07              0.00         1    0.068       0      0       0.0       0.0

Blob file count: 0, total size: 0.0 GB, garbage size: 0.0 GB, space amp: 0.0

Uptime(secs): 3.5 total, 3.5 interval
Flush(GB): cumulative 0.000, interval 0.000
AddFile(GB): cumulative 0.000, interval 0.000
AddFile(Total Files): cumulative 0, interval 0
AddFile(L0 Files): cumulative 0, interval 0
AddFile(Keys): cumulative 0, interval 0
Cumulative compaction: 0.00 GB write, 0.00 MB/s write, 0.00 GB read, 0.00 MB/s read, 0.1 seconds
Interval compaction: 0.00 GB write, 0.00 MB/s write, 0.00 GB read, 0.00 MB/s read, 0.1 seconds
Stalls(count): 0 level0_slowdown, 0 level0_slowdown_with_compaction, 0 level0_numfiles, 0 level0_numfiles_with_compaction, 0 stop for pending_compaction_bytes, 0 slowdown for pending_compaction_bytes, 0 memtable_compaction, 0 memtable_slowdown, interval 0 total count
Block cache LRUCache@0000025D17AAFFA0#11784 capacity: 512.00 MB usage: 5.42 KB table_size: 4096 occupancy: 27 collections: 1 last_copies: 1 last_secs: 0.010105 secs_since: 0
Block cache entry stats(count,size,portion): DataBlock(9,1.19 KB,0.000227802%) IndexBlock(9,0.86 KB,0.00016354%) OtherBlock(8,1.08 KB,0.000205636%) Misc(1,0.00 KB,0%)

** Compaction Stats [Configuration] **
Level    Files   Size     Score Read(GB)  Rn(GB) Rnp1(GB) Write(GB) Wnew(GB) Moved(GB) W-Amp Rd(MB/s) Wr(MB/s) Comp(sec) CompMergeCPU(sec) Comp(cnt) Avg(sec) KeyIn KeyDrop Rblob(GB) Wblob(GB)
------------------------------------------------------------------------------------------------------------------------------------------------------------------------------------------------
  L0      6/0    7.07 KB   0.6      0.0     0.0      0.0       0.0      0.0       0.0   1.0      0.0      0.1      0.02              0.00         1    0.020       0      0       0.0       0.0
 Sum      6/0    7.07 KB   0.0      0.0     0.0      0.0       0.0      0.0       0.0   1.0      0.0      0.1      0.02              0.00         1    0.020       0      0       0.0       0.0
 Int      0/0    0.00 KB   0.0      0.0     0.0      0.0       0.0      0.0       0.0   1.0      0.0      0.1      0.02              0.00         1    0.020       0      0       0.0       0.0

** Compaction Stats [Configuration] **
Priority    Files   Size     Score Read(GB)  Rn(GB) Rnp1(GB) Write(GB) Wnew(GB) Moved(GB) W-Amp Rd(MB/s) Wr(MB/s) Comp(sec) CompMergeCPU(sec) Comp(cnt) Avg(sec) KeyIn KeyDrop Rblob(GB) Wblob(GB)
---------------------------------------------------------------------------------------------------------------------------------------------------------------------------------------------------
User      0/0    0.00 KB   0.0      0.0     0.0      0.0       0.0      0.0       0.0   0.0      0.0      0.1      0.02              0.00         1    0.020       0      0       0.0       0.0

Blob file count: 0, total size: 0.0 GB, garbage size: 0.0 GB, space amp: 0.0

Uptime(secs): 3.5 total, 3.5 interval
Flush(GB): cumulative 0.000, interval 0.000
AddFile(GB): cumulative 0.000, interval 0.000
AddFile(Total Files): cumulative 0, interval 0
AddFile(L0 Files): cumulative 0, interval 0
AddFile(Keys): cumulative 0, interval 0
Cumulative compaction: 0.00 GB write, 0.00 MB/s write, 0.00 GB read, 0.00 MB/s read, 0.0 seconds
Interval compaction: 0.00 GB write, 0.00 MB/s write, 0.00 GB read, 0.00 MB/s read, 0.0 seconds
Stalls(count): 0 level0_slowdown, 0 level0_slowdown_with_compaction, 0 level0_numfiles, 0 level0_numfiles_with_compaction, 0 stop for pending_compaction_bytes, 0 slowdown for pending_compaction_bytes, 0 memtable_compaction, 0 memtable_slowdown, interval 0 total count
Block cache LRUCache@0000025D17AAFFA0#11784 capacity: 512.00 MB usage: 5.42 KB table_size: 4096 occupancy: 27 collections: 1 last_copies: 1 last_secs: 0.010105 secs_since: 0
Block cache entry stats(count,size,portion): DataBlock(9,1.19 KB,0.000227802%) IndexBlock(9,0.86 KB,0.00016354%) OtherBlock(8,1.08 KB,0.000205636%) Misc(1,0.00 KB,0%)

** File Read Latency Histogram By Level [default] **
** Level 0 read latency histogram (micros):
Count: 12 Average: 271.3333  StdDev: 527.68
Min: 8  Median: 76.0000  Max: 1983
Percentiles: P50: 76.00 P75: 210.00 P99: 1983.00 P99.9: 1983.00 P99.99: 1983.00
------------------------------------------------------
(       6,      10 ]        2  16.667%  16.667% ###
(      10,      15 ]        1   8.333%  25.000% ##
(      15,      22 ]        1   8.333%  33.333% ##
(      34,      51 ]        1   8.333%  41.667% ##
(      51,      76 ]        1   8.333%  50.000% ##
(     110,     170 ]        2  16.667%  66.667% ###
(     170,     250 ]        2  16.667%  83.333% ###
(     250,     380 ]        1   8.333%  91.667% ##
(    1900,    2900 ]        1   8.333% 100.000% ##


** File Read Latency Histogram By Level [Configuration] **
** Level 0 read latency histogram (micros):
Count: 18 Average: 57.6111  StdDev: 73.81
Min: 5  Median: 15.0000  Max: 240
Percentiles: P50: 15.00 P75: 93.00 P99: 240.00 P99.9: 240.00 P99.99: 240.00
------------------------------------------------------
(       4,       6 ]        4  22.222%  22.222% ####
(       6,      10 ]        1   5.556%  27.778% #
(      10,      15 ]        4  22.222%  50.000% ####
(      15,      22 ]        2  11.111%  61.111% ##
(      34,      51 ]        1   5.556%  66.667% #
(      51,      76 ]        1   5.556%  72.222% #
(      76,     110 ]        1   5.556%  77.778% #
(     110,     170 ]        2  11.111%  88.889% ##
(     170,     250 ]        2  11.111% 100.000% ##

2023/07/11-23:18:50.515810 5854 [db\db_impl\db_impl.cc:789] STATISTICS:
 rocksdb.block.cache.miss COUNT : 26
rocksdb.block.cache.hit COUNT : 1
rocksdb.block.cache.add COUNT : 26
rocksdb.block.cache.add.failures COUNT : 0
rocksdb.block.cache.index.miss COUNT : 9
rocksdb.block.cache.index.hit COUNT : 0
